	-83.4176298,42.3818725,215.8
	-83.4178613,42.3818536,215.4
	-83.4180946,42.3818358,215.0
	-83.4183310,42.3818233,214.4
	-83.4185751,42.3818170,213.9
	-83.4188226,42.3818173,213.4
	-83.4190701,42.3818281,213.0
	-83.4193178,42.3818470,212.9
	-83.4195651,42.3818733,212.8
	-83.4198110,42.3818970,213.0
	-83.4200550,42.3819225,213.2
	-83.4202985,42.3819473,213.1
	-83.4205361,42.3819770,213.2
	-83.4207685,42.3820136,213.3
	-83.4209963,42.3820521,213.1
	-83.4212228,42.3820951,213.0
	-83.4214403,42.3821438,212.8
	-83.4216570,42.3821983,213.0
	-83.4218736,42.3822575,213.3
	-83.4220940,42.3823201,213.4
	-83.4223148,42.3823873,213.4
	-83.4225496,42.3824493,213.7
	-83.4227790,42.3825228,214.1
	-83.4230006,42.3825996,214.6
	-83.4232243,42.3826798,214.8
	-83.4234466,42.3827650,215.0
	-83.4236700,42.3828536,215.2
	-83.4238986,42.3829433,215.5
	-83.4241280,42.3830380,215.9
	-83.4243515,42.3831393,216.2
	-83.4245881,42.3832488,216.2
	-83.4248371,42.3833520,216.4
	-83.4250923,42.3834581,216.8
	-83.4253580,42.3835626,217.2
	-83.4256158,42.3836661,217.5
	-83.4258768,42.3837700,217.4
	-83.4261365,42.3838773,217.5
	-83.4264013,42.3839860,217.9
	-83.4266688,42.3840931,218.6
	-83.4269343,42.3841980,218.7
	-83.4272018,42.3843015,219.0
	-83.4274730,42.3844080,219.1
	-83.4277443,42.3845236,219.5
	-83.4280150,42.3846385,219.6
	-83.4282818,42.3847556,219.9
	-83.4285503,42.3848695,220.1
	-83.4288203,42.3849855,220.1
	-83.4290836,42.3851075,220.2
	-83.4293436,42.3852335,220.5
	-83.4296008,42.3853693,220.7
	-83.4298555,42.3855106,220.9
	-83.4301075,42.3856590,221.1
	-83.4303530,42.3858121,221.2
	-83.4305900,42.3859718,221.3
	-83.4308176,42.3861401,221.5
	-83.4310398,42.3863175,221.6
	-83.4312528,42.3865046,221.7
	-83.4314610,42.3866956,221.7
	-83.4316605,42.3868941,221.6
	-83.4318446,42.3870973,221.6
	-83.4320178,42.3873098,221.7
	-83.4321896,42.3875263,222.1
	-83.4323535,42.3877530,222.3
	-83.4325023,42.3879840,222.4
	-83.4326408,42.3882218,222.3
	-83.4327668,42.3884640,222.2
	-83.4328745,42.3887050,222.0
	-83.4329683,42.3889481,222.1
	-83.4330503,42.3891938,222.1
	-83.4331218,42.3894423,222.1
	-83.4331866,42.3896986,222.1
	-83.4332356,42.3899565,222.1
	-83.4332678,42.3902151,222.1
	-83.4332823,42.3904741,222.0
	-83.4332871,42.3907333,222.2
	-83.4332763,42.3909916,222.1
	-83.4332480,42.3912531,221.9
	-83.4332023,42.3915131,221.8
	-83.4331455,42.3917741,221.6
	-83.4330795,42.3920306,221.5
	-83.4329926,42.3922805,221.2
	-83.4328953,42.3925313,220.7
	-83.4327846,42.3927825,220.5
	-83.4326601,42.3930301,220.2
	-83.4325250,42.3932773,220.1
	-83.4323778,42.3935246,219.6
	-83.4322250,42.3937631,219.2
	-83.4320648,42.3940060,218.8
	-83.4319031,42.3942536,218.4
	-83.4317425,42.3945005,218.1
	-83.4315745,42.3947488,217.5
	-83.4314126,42.3950031,216.9
	-83.4312455,42.3952573,216.8
	-83.4310753,42.3955138,216.7
	-83.4309033,42.3957718,216.3
	-83.4307308,42.3960205,216.1
	-83.4305710,42.3962735,215.2
	-83.4304018,42.3965326,215.2
	-83.4302338,42.3967911,215.5
	-83.4300640,42.3970510,215.7
	-83.4298943,42.3973133,215.9
	-83.4297231,42.3975761,216.0
	-83.4295495,42.3978330,216.2
	-83.4293815,42.3980890,216.5
	-83.4292105,42.3983415,216.3
	-83.4290410,42.3985953,216.3
	-83.4288753,42.3988535,216.3
	-83.4287081,42.3991088,216.0
	-83.4285390,42.3993625,216.2
	-83.4283751,42.3996141,216.1
	-83.4282098,42.3998625,215.8
	-83.4280468,42.4001101,215.8
	-83.4278875,42.4003585,215.7
	-83.4277290,42.4006045,215.9
	-83.4275611,42.4008458,215.8
	-83.4274018,42.4010903,215.9
	-83.4272406,42.4013375,216.0
	-83.4270805,42.4015808,216.0
	-83.4269196,42.4018248,216.2
	-83.4267646,42.4020680,216.1
	-83.4266051,42.4023081,216.2
	-83.4264435,42.4025556,216.0
	-83.4262843,42.4028001,215.7
	-83.4261198,42.4030438,215.9
	-83.4259520,42.4032883,215.9
	-83.4257886,42.4035316,215.7
	-83.4256281,42.4037735,216.0
	-83.4254736,42.4040128,216.1
	-83.4253181,42.4042500,216.4
	-83.4251611,42.4044843,216.7
	-83.4249978,42.4047190,217.0
	-83.4248368,42.4049583,217.0
	-83.4246800,42.4051913,217.3
	-83.4245290,42.4054208,217.0
	-83.4243760,42.4056483,216.9
	-83.4242255,42.4058728,216.7
	-83.4240770,42.4060933,216.7
