	-115.1498880,36.1780038,628.6
	-115.1499396,36.1779746,628.6
	-115.1499901,36.1779460,628.6
	-115.1500423,36.1779171,628.6
	-115.1500951,36.1778883,628.4
	-115.1501471,36.1778590,628.4
	-115.1501991,36.1778306,628.5
	-115.1502490,36.1778015,628.5
	-115.1503001,36.1777735,628.5
	-115.1503520,36.1777461,628.5
	-115.1504031,36.1777180,628.6
	-115.1504545,36.1776901,628.7
	-115.1505058,36.1776620,628.8
	-115.1505573,36.1776345,629.0
	-115.1506083,36.1776045,629.1
	-115.1506583,36.1775746,629.3
	-115.1507080,36.1775456,629.4
	-115.1507576,36.1775168,629.5
	-115.1508088,36.1774880,629.5
	-115.1508596,36.1774586,629.6
	-115.1509106,36.1774288,629.7
	-115.1509596,36.1773995,629.8
	-115.1510086,36.1773696,629.9
	-115.1510580,36.1773395,629.9
	-115.1511070,36.1773093,630.0
	-115.1511545,36.1772796,630.1
	-115.1512026,36.1772490,630.2
	-115.1512510,36.1772186,630.3
	-115.1512993,36.1771881,630.5
	-115.1513481,36.1771568,630.7
	-115.1513950,36.1771256,630.7
	-115.1514438,36.1770945,630.8
	-115.1514925,36.1770631,630.8
	-115.1515410,36.1770310,630.8
	-115.1515891,36.1769993,630.9
	-115.1516366,36.1769670,630.9
	-115.1516841,36.1769358,631.0
	-115.1517330,36.1769043,631.0
	-115.1517830,36.1768726,631.2
	-115.1518320,36.1768411,631.2
	-115.1518805,36.1768091,631.2
	-115.1519291,36.1767773,631.3
	-115.1519770,36.1767456,631.4
	-115.1520251,36.1767141,631.6
	-115.1520728,36.1766823,631.7
	-115.1521211,36.1766500,631.8
	-115.1521705,36.1766186,631.8
	-115.1522191,36.1765865,631.8
	-115.1522685,36.1765546,631.9
	-115.1523166,36.1765228,632.0
	-115.1523635,36.1764913,632.0
	-115.1524116,36.1764596,632.0
	-115.1524593,36.1764283,632.0
	-115.1525058,36.1763961,632.1
	-115.1525525,36.1763636,632.2
	-115.1525983,36.1763303,632.2
	-115.1526418,36.1762981,632.4
	-115.1526881,36.1762641,632.5
	-115.1527330,36.1762306,632.6
	-115.1527771,36.1761968,632.5
	-115.1528225,36.1761625,632.5
	-115.1528680,36.1761290,632.5
	-115.1529118,36.1760956,632.5
	-115.1529566,36.1760623,632.5
	-115.1530008,36.1760286,632.5
	-115.1530450,36.1759951,632.5
	-115.1530896,36.1759613,632.6
	-115.1531333,36.1759273,632.6
	-115.1531775,36.1758953,632.6
	-115.1532208,36.1758626,632.5
	-115.1532640,36.1758290,632.5
	-115.1533058,36.1757945,632.6
	-115.1533490,36.1757613,632.6
	-115.1533920,36.1757291,632.6
	-115.1534351,36.1756961,632.5
	-115.1534781,36.1756640,632.6
	-115.1535221,36.1756306,632.5
	-115.1535651,36.1755975,632.6
	-115.1536080,36.1755636,632.6
	-115.1536500,36.1755300,632.6
	-115.1536928,36.1754963,632.6
	-115.1537336,36.1754635,632.7
	-115.1537751,36.1754285,632.6
	-115.1538170,36.1753931,632.5
	-115.1538585,36.1753595,632.4
	-115.1538985,36.1753260,632.4
	-115.1539385,36.1752916,632.3
	-115.1539786,36.1752576,632.3
	-115.1540195,36.1752233,632.4
	-115.1540600,36.1751895,632.4
	-115.1541005,36.1751550,632.4
	-115.1541400,36.1751208,632.5
	-115.1541791,36.1750868,632.6
	-115.1542191,36.1750520,632.8
	-115.1542570,36.1750175,633.1
	-115.1542951,36.1749828,633.1
	-115.1543330,36.1749490,633.3
	-115.1543701,36.1749150,633.3
	-115.1544068,36.1748811,633.2
	-115.1544433,36.1748468,633.1
	-115.1544801,36.1748126,633.2
	-115.1545161,36.1747800,633.2
	-115.1545523,36.1747465,633.1
	-115.1545888,36.1747133,633.2
	-115.1546241,36.1746805,633.2
	-115.1546593,36.1746476,633.2
	-115.1546936,36.1746156,633.3
	-115.1547271,36.1745841,633.3
	-115.1547598,36.1745531,633.4
	-115.1547921,36.1745223,633.5
	-115.1548238,36.1744915,633.5
	-115.1548541,36.1744613,633.5
	-115.1548843,36.1744308,633.5
	-115.1549141,36.1744013,633.5
	-115.1549436,36.1743713,633.5
	-115.1549745,36.1743410,633.4
	-115.1550050,36.1743105,633.4
	-115.1550351,36.1742806,633.4
	-115.1550650,36.1742498,633.4
	-115.1550955,36.1742201,633.3
	-115.1551266,36.1741916,633.2
	-115.1551568,36.1741630,633.2
	-115.1551868,36.1741336,633.3
	-115.1552158,36.1741035,633.2
	-115.1552455,36.1740736,633.2
	-115.1552751,36.1740441,633.2
	-115.1553046,36.1740151,633.1
	-115.1553323,36.1739858,633.1
	-115.1553601,36.1739565,633.1
	-115.1553888,36.1739281,633.0
	-115.1554178,36.1738990,633.0
	-115.1554465,36.1738698,633.0
	-115.1554745,36.1738416,633.0
	-115.1555025,36.1738130,633.1
	-115.1555303,36.1737833,633.3
	-115.1555571,36.1737541,633.4
	-115.1555850,36.1737250,633.5
	-115.1556116,36.1736966,633.6
	-115.1556375,36.1736690,633.6
	-115.1556645,36.1736396,633.6
	-115.1556913,36.1736116,633.6
	-115.1557176,36.1735840,633.7
	-115.1557431,36.1735560,633.7
	-115.1557683,36.1735275,633.7
	-115.1557923,36.1735003,633.8
	-115.1558163,36.1734730,633.7
	-115.1558401,36.1734460,633.8
	-115.1558633,36.1734210,633.9
	-115.1558860,36.1733955,633.8
	-115.1559083,36.1733703,633.7
	-115.1559293,36.1733443,633.8
	-115.1559520,36.1733188,633.7
	-115.1559740,36.1732940,633.8
	-115.1559953,36.1732698,633.8
	-115.1560168,36.1732460,633.6
	-115.1560380,36.1732211,633.5
	-115.1560590,36.1731983,633.6
	-115.1560796,36.1731748,633.5
	-115.1561008,36.1731516,633.5
	-115.1561213,36.1731283,633.5
	-115.1561425,36.1731061,633.5
	-115.1561636,36.1730833,633.5
	-115.1561825,36.1730606,633.6
	-115.1562018,36.1730381,633.6
	-115.1562210,36.1730160,633.6
	-115.1562390,36.1729943,633.7
	-115.1562575,36.1729728,633.8
	-115.1562760,36.1729515,633.8
	-115.1562931,36.1729300,633.8
	-115.1563101,36.1729083,633.8
	-115.1563271,36.1728880,633.8
	-115.1563443,36.1728671,633.8
	-115.1563618,36.1728465,633.8
	-115.1563783,36.1728268,633.8
	-115.1563933,36.1728068,633.8
	-115.1564080,36.1727863,633.9
	-115.1564236,36.1727660,633.9
	-115.1564381,36.1727473,633.9
	-115.1564525,36.1727268,633.7
	-115.1564683,36.1727086,633.8
	-115.1564836,36.1726888,633.8
	-115.1564990,36.1726703,633.7
	-115.1565128,36.1726530,633.8
	-115.1565273,36.1726360,633.8
	-115.1565411,36.1726193,633.7
	-115.1565556,36.1726023,633.8
	-115.1565690,36.1725856,633.9
	-115.1565816,36.1725695,633.9
	-115.1565945,36.1725531,633.8
	-115.1566075,36.1725370,633.8
	-115.1566205,36.1725208,634.0
	-115.1566336,36.1725051,634.0
	-115.1566470,36.1724890,634.1
	-115.1566595,36.1724733,634.1
	-115.1566726,36.1724575,634.1
	-115.1566850,36.1724418,634.1
	-115.1566970,36.1724265,634.1
	-115.1567096,36.1724111,634.1
	-115.1567208,36.1723966,634.1
	-115.1567320,36.1723813,634.0
	-115.1567431,36.1723665,634.0
	-115.1567545,36.1723525,633.9
	-115.1567656,36.1723380,633.9
	-115.1567768,36.1723238,633.9
	-115.1567878,36.1723101,633.9
	-115.1567985,36.1722965,633.9
	-115.1568091,36.1722826,633.9
	-115.1568185,36.1722681,633.8
	-115.1568286,36.1722543,634.1
	-115.1568415,36.1722406,634.5
	-115.1568533,36.1722271,634.5
	-115.1568656,36.1722135,634.5
	-115.1568795,36.1721993,634.5
	-115.1568911,36.1721866,634.4
	-115.1569020,36.1721733,634.3
	-115.1569146,36.1721586,634.2
	-115.1569260,36.1721445,634.2
	-115.1569373,36.1721305,634.2
	-115.1569498,36.1721168,634.1
	-115.1569613,36.1721026,634.0
	-115.1569720,36.1720893,634.0
	-115.1569830,36.1720751,634.0
	-115.1569930,36.1720605,634.0
	-115.1570048,36.1720455,634.1
	-115.1570170,36.1720305,634.1
	-115.1570291,36.1720151,634.1
	-115.1570415,36.1719998,634.2
	-115.1570541,36.1719835,634.2
	-115.1570660,36.1719660,634.2
	-115.1570786,36.1719501,634.1
	-115.1570911,36.1719335,634.1
	-115.1571030,36.1719170,634.1
	-115.1571156,36.1719000,634.1
	-115.1571278,36.1718843,634.1
	-115.1571391,36.1718671,634.1
	-115.1571503,36.1718515,634.0
	-115.1571620,36.1718366,633.9
	-115.1571735,36.1718210,633.9
	-115.1571861,36.1718055,633.9
	-115.1571980,36.1717905,633.8
	-115.1572101,36.1717763,633.8
	-115.1572221,36.1717601,633.7
	-115.1572341,36.1717443,633.6
	-115.1572451,36.1717291,633.6
	-115.1572573,36.1717135,633.6
	-115.1572696,36.1716998,633.6
	-115.1572815,36.1716853,633.6
	-115.1572936,36.1716703,633.6
	-115.1573048,36.1716545,633.5
	-115.1573151,36.1716390,633.4
	-115.1573258,36.1716228,633.3
	-115.1573375,36.1716070,633.2
	-115.1573491,36.1715903,633.2
	-115.1573603,36.1715736,633.4
	-115.1573716,36.1715565,633.4
	-115.1573821,36.1715400,633.3
	-115.1573915,36.1715235,633.3
	-115.1574013,36.1715066,633.4
	-115.1574116,36.1714891,633.4
	-115.1574218,36.1714718,633.4
	-115.1574338,36.1714555,633.3
	-115.1574450,36.1714390,633.2
	-115.1574555,36.1714216,633.2
	-115.1574670,36.1714041,633.2
	-115.1574776,36.1713870,633.1
	-115.1574893,36.1713703,632.9
	-115.1574995,36.1713536,632.8
	-115.1575113,36.1713363,632.9
	-115.1575233,36.1713190,633.0
	-115.1575351,36.1713013,632.9
	-115.1575468,36.1712838,632.9
	-115.1575595,36.1712661,632.8
	-115.1575700,36.1712496,632.9
	-115.1575835,36.1712321,633.1
	-115.1575966,36.1712145,633.2
	-115.1576076,36.1711971,633.1
	-115.1576196,36.1711786,633.0
	-115.1576325,36.1711601,632.9
	-115.1576445,36.1711428,633.0
	-115.1576561,36.1711251,632.9
	-115.1576690,36.1711071,632.9
	-115.1576795,36.1710901,632.9
	-115.1576895,36.1710720,632.9
	-115.1577016,36.1710540,633.0
	-115.1577115,36.1710363,633.0
	-115.1577223,36.1710186,633.0
	-115.1577335,36.1710005,633.0
	-115.1577448,36.1709828,633.1
	-115.1577570,36.1709648,633.2
	-115.1577695,36.1709475,633.2
	-115.1577828,36.1709295,633.2
	-115.1577936,36.1709118,633.2
	-115.1578066,36.1708930,633.1
	-115.1578186,36.1708760,633.0
	-115.1578305,36.1708591,632.8
	-115.1578431,36.1708416,632.7
	-115.1578541,36.1708233,632.6
	-115.1578655,36.1708061,632.7
	-115.1578781,36.1707886,632.7
	-115.1578888,36.1707711,632.6
	-115.1578991,36.1707538,632.5
	-115.1579100,36.1707368,632.5
	-115.1579203,36.1707203,632.4
	-115.1579306,36.1707035,632.2
	-115.1579413,36.1706871,632.1
	-115.1579515,36.1706713,631.9
	-115.1579611,36.1706550,631.7
	-115.1579715,36.1706378,631.5
	-115.1579801,36.1706223,631.5
	-115.1579905,36.1706065,631.3
	-115.1580013,36.1705898,631.1
	-115.1580118,36.1705735,631.0
	-115.1580230,36.1705570,631.0
	-115.1580348,36.1705396,630.9
	-115.1580455,36.1705226,630.8
	-115.1580578,36.1705055,630.8
	-115.1580696,36.1704876,630.6
	-115.1580810,36.1704695,630.5
	-115.1580921,36.1704510,630.5
	-115.1581041,36.1704318,630.4
	-115.1581160,36.1704133,630.2
	-115.1581266,36.1703950,630.1
	-115.1581383,36.1703755,630.1
	-115.1581495,36.1703561,630.0
	-115.1581600,36.1703378,629.9
	-115.1581721,36.1703185,629.8
	-115.1581841,36.1702995,629.7
	-115.1581965,36.1702800,629.8
	-115.1582091,36.1702605,629.8
	-115.1582225,36.1702401,629.7
	-115.1582343,36.1702210,629.7
	-115.1582461,36.1701998,629.7
	-115.1582580,36.1701788,629.8
	-115.1582705,36.1701576,629.8
	-115.1582836,36.1701361,629.8
	-115.1582966,36.1701146,629.8
	-115.1583085,36.1700930,629.7
	-115.1583213,36.1700716,629.8
	-115.1583330,36.1700495,629.9
	-115.1583456,36.1700285,629.9
	-115.1583590,36.1700071,629.8
	-115.1583713,36.1699838,629.8
	-115.1583830,36.1699615,630.0
	-115.1583951,36.1699400,630.1
	-115.1584071,36.1699176,630.1
	-115.1584188,36.1698963,630.1
	-115.1584295,36.1698746,630.1
	-115.1584416,36.1698533,630.1
	-115.1584530,36.1698316,630.1
	-115.1584631,36.1698108,630.0
	-115.1584746,36.1697903,630.0
	-115.1584853,36.1697688,629.8
	-115.1584951,36.1697486,629.9
	-115.1585063,36.1697291,629.9
	-115.1585188,36.1697093,629.9
	-115.1585308,36.1696891,629.9
	-115.1585403,36.1696683,629.8
	-115.1585526,36.1696486,629.8
	-115.1585633,36.1696293,629.9
	-115.1585743,36.1696101,629.8
	-115.1585831,36.1695900,629.8
	-115.1585925,36.1695690,629.8
	-115.1586025,36.1695495,629.8
	-115.1586123,36.1695298,629.7
	-115.1586231,36.1695098,629.8
	-115.1586331,36.1694900,629.8
	-115.1586413,36.1694706,629.6
	-115.1586523,36.1694520,629.6
	-115.1586618,36.1694330,629.6
	-115.1586725,36.1694143,629.5
	-115.1586825,36.1693941,629.3
	-115.1586933,36.1693728,629.3
	-115.1587033,36.1693535,629.2
	-115.1587143,36.1693340,629.0
	-115.1587248,36.1693138,629.0
	-115.1587351,36.1692941,628.9
	-115.1587455,36.1692741,628.8
	-115.1587565,36.1692531,628.7
	-115.1587661,36.1692326,628.7
	-115.1587755,36.1692128,628.7
	-115.1587855,36.1691921,628.7
	-115.1587955,36.1691713,628.6
	-115.1588046,36.1691521,628.6
	-115.1588141,36.1691300,628.6
	-115.1588241,36.1691090,628.6
	-115.1588348,36.1690878,628.6
	-115.1588453,36.1690665,628.6
	-115.1588558,36.1690450,628.6
	-115.1588663,36.1690240,628.6
	-115.1588771,36.1690033,628.6
	-115.1588881,36.1689833,628.6
	-115.1588983,36.1689636,628.6
	-115.1589083,36.1689436,628.6
	-115.1589178,36.1689241,628.7
	-115.1589270,36.1689046,628.7
	-115.1589365,36.1688855,628.7
	-115.1589465,36.1688663,628.7
	-115.1589566,36.1688475,628.7
	-115.1589645,36.1688283,628.8
	-115.1589743,36.1688088,628.8
	-115.1589828,36.1687901,628.8
	-115.1589913,36.1687706,628.9
	-115.1590006,36.1687511,629.0
	-115.1590088,36.1687328,629.2
	-115.1590170,36.1687135,629.2
	-115.1590260,36.1686950,629.3
	-115.1590350,36.1686763,629.5
	-115.1590441,36.1686585,629.6
	-115.1590523,36.1686400,629.7
	-115.1590608,36.1686221,629.8
	-115.1590696,36.1686041,629.7
	-115.1590770,36.1685865,629.7
	-115.1590843,36.1685675,629.8
	-115.1590930,36.1685488,629.8
	-115.1590995,36.1685308,629.8
	-115.1591076,36.1685130,629.8
	-115.1591158,36.1684923,629.8
	-115.1591231,36.1684743,629.8
	-115.1591311,36.1684548,629.8
	-115.1591396,36.1684356,629.8
	-115.1591486,36.1684165,629.9
	-115.1591583,36.1683976,629.9
	-115.1591685,36.1683775,629.9
	-115.1591765,36.1683570,629.9
	-115.1591848,36.1683373,630.0
	-115.1591935,36.1683160,630.0
	-115.1592011,36.1682950,629.9
	-115.1592095,36.1682748,630.0
	-115.1592181,36.1682540,630.0
	-115.1592270,36.1682325,630.1
	-115.1592340,36.1682113,630.0
	-115.1592433,36.1681918,630.0
	-115.1592501,36.1681696,630.0
	-115.1592573,36.1681501,630.0
	-115.1592650,36.1681301,630.0
	-115.1592736,36.1681110,630.1
	-115.1592808,36.1680921,630.1
	-115.1592881,36.1680725,630.0
	-115.1592960,36.1680525,630.0
	-115.1593021,36.1680323,630.0
	-115.1593081,36.1680131,630.1
	-115.1593141,36.1679925,630.0
	-115.1593201,36.1679725,629.9
	-115.1593273,36.1679531,629.8
	-115.1593346,36.1679343,629.9
	-115.1593413,36.1679156,630.0
	-115.1593480,36.1678975,629.9
	-115.1593551,36.1678801,629.9
	-115.1593628,36.1678623,630.0
	-115.1593701,36.1678438,630.0
	-115.1593766,36.1678255,630.1
	-115.1593840,36.1678078,630.0
	-115.1593906,36.1677903,629.9
	-115.1593960,36.1677725,630.0
	-115.1594040,36.1677556,630.0
	-115.1594110,36.1677395,630.1
	-115.1594171,36.1677228,629.9
	-115.1594238,36.1677065,629.8
	-115.1594311,36.1676906,629.6
	-115.1594376,36.1676753,629.5
	-115.1594433,36.1676598,629.5
	-115.1594476,36.1676443,629.5
	-115.1594528,36.1676293,629.5
	-115.1594568,36.1676141,629.5
	-115.1594628,36.1675983,629.5
	-115.1594690,36.1675831,629.6
	-115.1594738,36.1675676,629.6
	-115.1594798,36.1675520,629.5
	-115.1594850,36.1675355,629.5
	-115.1594881,36.1675196,629.6
	-115.1594923,36.1675033,629.6
	-115.1594966,36.1674873,629.6
	-115.1595006,36.1674723,629.6
	-115.1595040,36.1674560,629.6
	-115.1595091,36.1674403,629.6
	-115.1595138,36.1674261,629.6
	-115.1595186,36.1674105,629.7
	-115.1595233,36.1673960,629.7
	-115.1595278,36.1673813,629.7
	-115.1595333,36.1673690,629.7
	-115.1595395,36.1673550,629.8
	-115.1595445,36.1673413,629.8
	-115.1595485,36.1673275,629.7
	-115.1595538,36.1673126,629.7
	-115.1595585,36.1672983,629.6
	-115.1595625,36.1672846,629.6
	-115.1595683,36.1672715,629.7
	-115.1595741,36.1672578,629.8
	-115.1595790,36.1672435,629.9
	-115.1595853,36.1672296,629.9
	-115.1595905,36.1672151,629.9
	-115.1595948,36.1672013,630.1
	-115.1595996,36.1671881,630.2
	-115.1596036,36.1671736,630.1
	-115.1596080,36.1671606,630.0
	-115.1596135,36.1671470,630.0
	-115.1596183,36.1671330,630.0
	-115.1596235,36.1671186,630.0
	-115.1596281,36.1671045,630.0
	-115.1596320,36.1670903,630.0
	-115.1596360,36.1670763,630.0
	-115.1596395,36.1670620,630.0
	-115.1596436,36.1670490,630.0
	-115.1596475,36.1670361,629.9
	-115.1596495,36.1670228,629.9
	-115.1596521,36.1670098,629.9
	-115.1596566,36.1669975,629.9
	-115.1596610,36.1669860,630.0
	-115.1596648,36.1669735,630.0
	-115.1596691,36.1669606,630.0
	-115.1596733,36.1669481,630.0
	-115.1596766,36.1669356,630.0
	-115.1596793,36.1669241,630.2
	-115.1596830,36.1669131,630.1
	-115.1596866,36.1669028,630.2
	-115.1596905,36.1668926,630.2
	-115.1596948,36.1668806,630.1
	-115.1596985,36.1668691,630.1
	-115.1597023,36.1668578,630.1
	-115.1597045,36.1668470,630.2
	-115.1597076,36.1668348,630.3
	-115.1597083,36.1668226,630.3
	-115.1597115,36.1668105,630.3
	-115.1597150,36.1667983,630.5
	-115.1597200,36.1667866,630.5
	-115.1597240,36.1667743,630.5
	-115.1597275,36.1667615,630.6
	-115.1597310,36.1667486,630.6
	-115.1597340,36.1667361,630.8
	-115.1597365,36.1667251,630.9
	-115.1597410,36.1667141,630.9
	-115.1597451,36.1667026,630.9
	-115.1597475,36.1666906,630.8
	-115.1597501,36.1666786,630.9
	-115.1597536,36.1666675,630.8
	-115.1597570,36.1666555,630.7
	-115.1597578,36.1666436,630.7
	-115.1597600,36.1666306,630.6
	-115.1597628,36.1666191,630.6
	-115.1597658,36.1666066,630.5
	-115.1597691,36.1665938,630.5
	-115.1597735,36.1665813,630.4
	-115.1597771,36.1665676,630.4
	-115.1597811,36.1665533,630.3
	-115.1597853,36.1665386,630.3
	-115.1597888,36.1665235,630.3
	-115.1597921,36.1665075,630.3
	-115.1597971,36.1664916,630.3
	-115.1598013,36.1664751,630.2
	-115.1598053,36.1664583,630.2
	-115.1598085,36.1664423,630.1
	-115.1598128,36.1664260,630.0
	-115.1598161,36.1664085,630.0
	-115.1598193,36.1663905,629.9
	-115.1598228,36.1663728,630.0
	-115.1598258,36.1663546,629.9
	-115.1598295,36.1663368,630.0
	-115.1598338,36.1663190,630.0
	-115.1598390,36.1663006,630.0
	-115.1598448,36.1662823,630.0
	-115.1598506,36.1662631,630.1
	-115.1598548,36.1662440,630.1
	-115.1598610,36.1662250,630.1
	-115.1598668,36.1662068,630.0
	-115.1598721,36.1661876,630.0
	-115.1598781,36.1661690,630.1
	-115.1598835,36.1661500,630.1
	-115.1598888,36.1661313,630.1
	-115.1598936,36.1661125,630.1
	-115.1598993,36.1660945,630.1
	-115.1599033,36.1660770,630.4
	-115.1599081,36.1660593,630.4
	-115.1599131,36.1660416,630.4
	-115.1599186,36.1660243,630.4
	-115.1599236,36.1660063,630.5
	-115.1599283,36.1659885,630.5
	-115.1599336,36.1659698,630.5
	-115.1599388,36.1659518,630.5
	-115.1599435,36.1659336,630.4
	-115.1599481,36.1659160,630.4
	-115.1599526,36.1658980,630.5
	-115.1599580,36.1658808,630.6
	-115.1599636,36.1658626,630.6
	-115.1599683,36.1658445,630.7
	-115.1599730,36.1658265,630.8
	-115.1599773,36.1658093,630.8
	-115.1599808,36.1657906,631.0
	-115.1599848,36.1657716,631.0
	-115.1599885,36.1657526,631.0
	-115.1599930,36.1657348,630.9
	-115.1599975,36.1657166,630.9
	-115.1600023,36.1656985,630.9
	-115.1600041,36.1656800,630.9
	-115.1600068,36.1656618,630.8
	-115.1600085,36.1656433,630.8
	-115.1600105,36.1656243,630.8
	-115.1600123,36.1656050,630.8
	-115.1600171,36.1655858,630.8
	-115.1600210,36.1655668,630.8
	-115.1600255,36.1655480,630.8
	-115.1600306,36.1655286,630.7
	-115.1600360,36.1655090,630.7
	-115.1600396,36.1654893,630.8
	-115.1600458,36.1654690,630.8
	-115.1600511,36.1654493,630.7
	-115.1600560,36.1654298,630.6
	-115.1600611,36.1654101,630.5
	-115.1600660,36.1653901,630.4
	-115.1600683,36.1653708,630.4
	-115.1600730,36.1653506,630.3
	-115.1600765,36.1653313,630.2
	-115.1600803,36.1653113,630.1
	-115.1600831,36.1652918,630.1
	-115.1600880,36.1652726,630.2
	-115.1600906,36.1652536,630.1
	-115.1600941,36.1652346,630.1
	-115.1600978,36.1652156,630.1
	-115.1601020,36.1651971,630.1
	-115.1601066,36.1651795,630.2
	-115.1601105,36.1651606,630.1
	-115.1601141,36.1651413,630.0
	-115.1601183,36.1651218,630.0
	-115.1601215,36.1651018,629.9
	-115.1601248,36.1650821,629.7
	-115.1601271,36.1650618,629.8
	-115.1601313,36.1650423,629.7
	-115.1601348,36.1650216,629.6
	-115.1601381,36.1650013,629.5
	-115.1601420,36.1649810,629.5
	-115.1601448,36.1649601,629.6
	-115.1601476,36.1649390,629.6
	-115.1601508,36.1649181,629.5
	-115.1601536,36.1648971,629.4
	-115.1601570,36.1648758,629.3
	-115.1601610,36.1648543,629.1
	-115.1601655,36.1648323,629.1
	-115.1601693,36.1648090,629.0
	-115.1601730,36.1647860,628.9
	-115.1601773,36.1647625,628.9
	-115.1601811,36.1647388,628.9
	-115.1601855,36.1647153,628.9
	-115.1601908,36.1646921,628.9
	-115.1601950,36.1646686,628.8
	-115.1601976,36.1646451,628.8
	-115.1602010,36.1646210,628.8
	-115.1602043,36.1645968,628.9
	-115.1602075,36.1645741,628.9
	-115.1602110,36.1645513,628.8
	-115.1602141,36.1645280,628.7
	-115.1602170,36.1645050,628.7
	-115.1602198,36.1644820,628.7
	-115.1602220,36.1644581,628.7
	-115.1602250,36.1644341,628.6
	-115.1602280,36.1644098,628.5
	-115.1602301,36.1643855,628.5
	-115.1602338,36.1643615,628.4
	-115.1602373,36.1643375,628.6
	-115.1602383,36.1643115,628.5
	-115.1602411,36.1642858,628.6
	-115.1602450,36.1642608,628.6
	-115.1602485,36.1642353,628.5
	-115.1602520,36.1642086,628.5
	-115.1602565,36.1641830,628.5
	-115.1602598,36.1641573,628.5
	-115.1602630,36.1641310,628.4
	-115.1602668,36.1641048,628.4
	-115.1602705,36.1640790,628.3
	-115.1602740,36.1640538,628.4
	-115.1602785,36.1640286,628.4
	-115.1602835,36.1640023,628.2
	-115.1602871,36.1639766,628.1
	-115.1602898,36.1639505,628.0
	-115.1602916,36.1639238,627.9
	-115.1602935,36.1638978,628.0
	-115.1602961,36.1638721,627.8
	-115.1602983,36.1638466,627.7
	-115.1603003,36.1638200,627.6
	-115.1603020,36.1637938,627.6
	-115.1603026,36.1637671,627.6
	-115.1603040,36.1637405,627.6
	-115.1603061,36.1637143,627.6
	-115.1603075,36.1636883,627.5
	-115.1603103,36.1636628,627.4
	-115.1603133,36.1636380,627.4
	-115.1603163,36.1636125,627.3
	-115.1603178,36.1635856,627.2
	-115.1603198,36.1635586,627.2
	-115.1603201,36.1635326,627.1
	-115.1603208,36.1635061,627.0
	-115.1603223,36.1634798,627.0
	-115.1603236,36.1634538,627.0
	-115.1603253,36.1634278,626.9
	-115.1603261,36.1634013,626.7
	-115.1603276,36.1633736,626.7
	-115.1603285,36.1633468,626.7
	-115.1603300,36.1633200,626.7
	-115.1603326,36.1632921,626.7
	-115.1603346,36.1632650,626.7
	-115.1603363,36.1632376,626.5
	-115.1603395,36.1632096,626.4
	-115.1603421,36.1631810,626.4
	-115.1603446,36.1631515,626.4
	-115.1603473,36.1631221,626.3
	-115.1603486,36.1630925,626.3
	-115.1603505,36.1630633,626.2
	-115.1603525,36.1630331,626.1
	-115.1603548,36.1630031,626.1
	-115.1603566,36.1629726,626.0
	-115.1603591,36.1629428,626.0
	-115.1603620,36.1629131,625.9
	-115.1603640,36.1628825,625.8
	-115.1603656,36.1628523,625.8
	-115.1603668,36.1628216,625.7
	-115.1603676,36.1627910,625.7
	-115.1603690,36.1627603,625.6
	-115.1603705,36.1627290,625.7
	-115.1603716,36.1626971,625.7
	-115.1603728,36.1626655,625.7
	-115.1603735,36.1626323,625.7
	-115.1603756,36.1625996,625.7
	-115.1603770,36.1625671,625.6
	-115.1603771,36.1625340,625.6
	-115.1603765,36.1624998,625.7
	-115.1603761,36.1624651,625.8
	-115.1603770,36.1624321,625.8
	-115.1603780,36.1623986,625.8
	-115.1603788,36.1623636,625.8
	-115.1603788,36.1623290,625.9
	-115.1603796,36.1622936,625.9
	-115.1603795,36.1622576,625.8
	-115.1603808,36.1622213,625.7
	-115.1603816,36.1621850,625.8
	-115.1603835,36.1621490,625.7
	-115.1603843,36.1621133,625.6
	-115.1603851,36.1620778,625.6
	-115.1603853,36.1620421,625.5
	-115.1603845,36.1620070,625.4
	-115.1603843,36.1619711,625.5
	-115.1603848,36.1619355,625.6
	-115.1603853,36.1619005,625.7
	-115.1603855,36.1618650,625.7
	-115.1603856,36.1618293,625.8
	-115.1603858,36.1617931,625.8
	-115.1603861,36.1617573,625.7
	-115.1603871,36.1617216,625.8
	-115.1603875,36.1616865,625.8
	-115.1603873,36.1616505,625.8
	-115.1603871,36.1616153,625.8
	-115.1603860,36.1615801,625.8
	-115.1603861,36.1615448,625.8
	-115.1603858,36.1615105,625.9
	-115.1603850,36.1614763,625.9
	-115.1603848,36.1614421,626.0
	-115.1603850,36.1614071,626.1
	-115.1603855,36.1613716,626.2
	-115.1603860,36.1613363,626.3
	-115.1603866,36.1613010,626.4
	-115.1603875,36.1612656,626.5
	-115.1603881,36.1612290,626.5
	-115.1603888,36.1611931,626.6
	-115.1603890,36.1611573,626.7
	-115.1603878,36.1611208,626.8
	-115.1603873,36.1610853,626.9
	-115.1603860,36.1610495,626.9
	-115.1603841,36.1610136,627.0
	-115.1603836,36.1609776,627.1
	-115.1603841,36.1609425,627.3
	-115.1603848,36.1609068,627.4
	-115.1603853,36.1608713,627.4
	-115.1603846,36.1608358,627.4
	-115.1603840,36.1607990,627.4
	-115.1603838,36.1607626,627.4
	-115.1603835,36.1607271,627.5
	-115.1603840,36.1606913,627.6
	-115.1603836,36.1606550,627.7
	-115.1603836,36.1606190,627.8
	-115.1603831,36.1605821,627.8
	-115.1603831,36.1605458,627.8
	-115.1603833,36.1605100,627.9
	-115.1603835,36.1604733,628.0
	-115.1603840,36.1604375,628.1
	-115.1603845,36.1604035,628.1
	-115.1603846,36.1603686,628.1
	-115.1603850,36.1603336,628.2
	-115.1603846,36.1602988,628.3
	-115.1603841,36.1602630,628.3
	-115.1603841,36.1602276,628.3
	-115.1603848,36.1601928,628.3
	-115.1603851,36.1601586,628.4
	-115.1603876,36.1601243,628.6
	-115.1603886,36.1600893,628.6
	-115.1603885,36.1600545,628.6
	-115.1603878,36.1600198,628.6
	-115.1603886,36.1599848,628.7
	-115.1603880,36.1599486,628.7
	-115.1603878,36.1599131,628.9
	-115.1603870,36.1598783,628.9
	-115.1603866,36.1598418,628.9
	-115.1603851,36.1598058,628.9
	-115.1603840,36.1597701,629.0
	-115.1603833,36.1597356,629.1
	-115.1603833,36.1597008,629.1
	-115.1603836,36.1596658,629.2
	-115.1603846,36.1596321,629.3
	-115.1603853,36.1595980,629.3
	-115.1603856,36.1595630,629.3
	-115.1603858,36.1595280,629.5
	-115.1603856,36.1594933,629.5
	-115.1603860,36.1594590,629.5
	-115.1603858,36.1594240,629.6
	-115.1603846,36.1593876,629.6
	-115.1603833,36.1593516,629.7
	-115.1603841,36.1593160,629.7
	-115.1603840,36.1592806,629.7
	-115.1603843,36.1592453,629.7
	-115.1603848,36.1592095,629.8
	-115.1603846,36.1591733,629.9
	-115.1603848,36.1591368,630.1
	-115.1603850,36.1591006,630.2
	-115.1603845,36.1590643,630.3
	-115.1603836,36.1590280,630.3
	-115.1603833,36.1589923,630.4
	-115.1603826,36.1589565,630.5
	-115.1603826,36.1589213,630.6
	-115.1603820,36.1588858,630.6
	-115.1603820,36.1588481,630.6
	-115.1603803,36.1588116,630.7
	-115.1603805,36.1587753,630.6
	-115.1603816,36.1587386,630.5
	-115.1603820,36.1587025,630.6
	-115.1603826,36.1586658,630.5
	-115.1603840,36.1586288,630.5
	-115.1603856,36.1585911,630.6
	-115.1603856,36.1585543,630.7
	-115.1603871,36.1585156,630.7
	-115.1603886,36.1584765,630.8
	-115.1603895,36.1584378,630.9
	-115.1603905,36.1583993,630.9
	-115.1603913,36.1583606,630.9
	-115.1603916,36.1583210,631.0
	-115.1603905,36.1582811,631.2
	-115.1603913,36.1582418,631.2
	-115.1603918,36.1582030,631.1
	-115.1603916,36.1581648,631.1
	-115.1603931,36.1581268,631.1
	-115.1603951,36.1580890,631.2
	-115.1603958,36.1580506,631.3
	-115.1603951,36.1580118,631.3
	-115.1603971,36.1579728,631.3
	-115.1603985,36.1579343,631.4
	-115.1604003,36.1578956,631.4
	-115.1604026,36.1578556,631.4
	-115.1604041,36.1578163,631.5
	-115.1604068,36.1577770,631.5
	-115.1604085,36.1577373,631.4
	-115.1604111,36.1576966,631.5
	-115.1604140,36.1576571,631.5
	-115.1604173,36.1576181,631.5
	-115.1604215,36.1575788,631.6
	-115.1604266,36.1575396,631.6
	-115.1604316,36.1575000,631.6
	-115.1604365,36.1574603,631.6
	-115.1604415,36.1574205,631.6
	-115.1604470,36.1573813,631.7
	-115.1604541,36.1573420,631.7
	-115.1604606,36.1573028,631.6
	-115.1604676,36.1572633,631.6
	-115.1604748,36.1572235,631.6
	-115.1604826,36.1571843,631.5
	-115.1604910,36.1571451,631.6
	-115.1605003,36.1571066,631.5
	-115.1605095,36.1570676,631.4
	-115.1605198,36.1570283,631.2
	-115.1605305,36.1569888,631.1
	-115.1605425,36.1569495,631.1
	-115.1605543,36.1569100,631.1
	-115.1605676,36.1568700,631.1
	-115.1605800,36.1568308,631.0
	-115.1605926,36.1567918,630.9
	-115.1606051,36.1567535,630.9
	-115.1606188,36.1567146,631.0
	-115.1606316,36.1566761,631.0
	-115.1606445,36.1566376,631.0
	-115.1606591,36.1565985,631.0
	-115.1606733,36.1565605,631.0
	-115.1606875,36.1565218,630.9
	-115.1607030,36.1564836,631.0
	-115.1607186,36.1564460,631.0
	-115.1607343,36.1564091,631.0
	-115.1607501,36.1563715,631.0
	-115.1607668,36.1563340,631.1
	-115.1607826,36.1562968,631.0
	-115.1608008,36.1562595,631.0
	-115.1608196,36.1562228,631.1
	-115.1608388,36.1561855,631.0
	-115.1608573,36.1561476,630.9
	-115.1608776,36.1561108,631.0
	-115.1608978,36.1560741,631.0
	-115.1609166,36.1560375,631.2
	-115.1609371,36.1560018,631.2
	-115.1609575,36.1559665,631.1
	-115.1609790,36.1559321,631.1
	-115.1610010,36.1558981,631.1
	-115.1610216,36.1558635,631.0
	-115.1610416,36.1558290,631.1
	-115.1610631,36.1557963,631.2
	-115.1610851,36.1557648,631.2
	-115.1611066,36.1557331,631.2
	-115.1611276,36.1557016,631.2
	-115.1611478,36.1556711,631.3
	-115.1611693,36.1556416,631.3
	-115.1611905,36.1556111,631.3
	-115.1612126,36.1555813,631.4
	-115.1612346,36.1555523,631.5
	-115.1612565,36.1555238,631.5
	-115.1612776,36.1554956,631.7
	-115.1612985,36.1554671,631.7
	-115.1613193,36.1554395,631.7
	-115.1613403,36.1554115,631.6
	-115.1613606,36.1553833,631.6
	-115.1613816,36.1553565,631.6
	-115.1614020,36.1553308,631.5
	-115.1614230,36.1553050,631.5
	-115.1614426,36.1552790,631.4
	-115.1614628,36.1552545,631.4
	-115.1614835,36.1552295,631.3
	-115.1615041,36.1552026,631.3
	-115.1615251,36.1551771,631.4
	-115.1615460,36.1551525,631.4
	-115.1615675,36.1551281,631.3
	-115.1615888,36.1551036,631.3
	-115.1616095,36.1550795,631.3
	-115.1616313,36.1550568,631.2
	-115.1616526,36.1550331,631.2
	-115.1616735,36.1550106,631.2
	-115.1616945,36.1549876,631.1
	-115.1617148,36.1549651,630.9
	-115.1617351,36.1549426,630.8
	-115.1617545,36.1549206,630.8
	-115.1617735,36.1548998,630.8
	-115.1617923,36.1548790,630.8
	-115.1618111,36.1548586,630.8
	-115.1618303,36.1548388,630.8
	-115.1618495,36.1548186,630.8
	-115.1618685,36.1547973,630.8
	-115.1618866,36.1547758,630.9
	-115.1619046,36.1547546,631.1
	-115.1619236,36.1547341,631.1
	-115.1619421,36.1547128,631.0
	-115.1619598,36.1546916,631.0
	-115.1619786,36.1546700,631.1
	-115.1619968,36.1546483,631.2
	-115.1620153,36.1546270,631.3
	-115.1620340,36.1546055,631.3
	-115.1620518,36.1545843,631.4
	-115.1620706,36.1545636,631.5
	-115.1620895,36.1545431,631.7
	-115.1621088,36.1545215,631.9
	-115.1621271,36.1545001,631.9
	-115.1621468,36.1544788,631.8
	-115.1621653,36.1544581,631.9
	-115.1621841,36.1544373,631.9
	-115.1622030,36.1544161,632.0
	-115.1622203,36.1543945,632.1
	-115.1622398,36.1543736,632.1
	-115.1622598,36.1543530,632.0
	-115.1622788,36.1543325,632.0
	-115.1622991,36.1543108,632.0
	-115.1623181,36.1542878,632.0
	-115.1623356,36.1542646,632.0
	-115.1623545,36.1542423,632.1
	-115.1623745,36.1542205,632.0
	-115.1623936,36.1541983,632.0
	-115.1624118,36.1541753,632.0
	-115.1624313,36.1541511,632.0
	-115.1624508,36.1541301,631.9
	-115.1624701,36.1541078,632.0
	-115.1624910,36.1540855,631.9
	-115.1625096,36.1540635,631.9
	-115.1625291,36.1540408,631.8
	-115.1625485,36.1540186,631.9
	-115.1625678,36.1539968,632.0
	-115.1625865,36.1539750,632.1
	-115.1626066,36.1539533,632.1
	-115.1626258,36.1539305,632.2
	-115.1626465,36.1539073,632.2
	-115.1626678,36.1538835,632.1
	-115.1626906,36.1538610,632.1
	-115.1627118,36.1538378,632.1
	-115.1627335,36.1538143,632.1
	-115.1627545,36.1537908,632.2
	-115.1627758,36.1537665,632.3
	-115.1627976,36.1537418,632.4
	-115.1628190,36.1537171,632.5
	-115.1628400,36.1536921,632.6
	-115.1628608,36.1536676,632.7
	-115.1628826,36.1536430,632.8
	-115.1629041,36.1536176,632.9
	-115.1629258,36.1535925,633.0
	-115.1629478,36.1535685,633.0
	-115.1629703,36.1535445,633.0
	-115.1629925,36.1535193,633.1
	-115.1630138,36.1534946,633.0
	-115.1630348,36.1534693,633.0
	-115.1630550,36.1534435,633.1
	-115.1630761,36.1534200,633.1
	-115.1630978,36.1533950,633.1
	-115.1631196,36.1533701,633.1
	-115.1631406,36.1533448,633.1
	-115.1631626,36.1533208,633.1
	-115.1631863,36.1532971,633.2
	-115.1632091,36.1532721,633.2
	-115.1632313,36.1532475,633.2
	-115.1632540,36.1532210,633.1
	-115.1632765,36.1531961,633.0
	-115.1632985,36.1531720,632.8
	-115.1633213,36.1531476,632.8
	-115.1633440,36.1531218,632.9
	-115.1633676,36.1530965,632.9
	-115.1633906,36.1530705,632.9
	-115.1634141,36.1530448,632.7
	-115.1634370,36.1530186,632.6
	-115.1634593,36.1529921,632.6
	-115.1634813,36.1529651,632.8
	-115.1635053,36.1529391,632.9
	-115.1635285,36.1529143,632.9
	-115.1635528,36.1528886,632.9
	-115.1635766,36.1528623,632.8
	-115.1636000,36.1528363,632.7
	-115.1636246,36.1528096,632.9
	-115.1636480,36.1527835,632.9
	-115.1636713,36.1527570,632.8
	-115.1636955,36.1527311,632.9
	-115.1637191,36.1527051,632.9
	-115.1637421,36.1526793,632.9
	-115.1637660,36.1526533,633.0
	-115.1637886,36.1526273,633.0
	-115.1638118,36.1526020,633.1
	-115.1638363,36.1525745,633.2
	-115.1638596,36.1525476,633.3
	-115.1638825,36.1525208,633.4
	-115.1639071,36.1524935,633.6
	-115.1639318,36.1524668,633.6
	-115.1639556,36.1524395,633.6
	-115.1639808,36.1524121,633.6
	-115.1640058,36.1523850,633.8
	-115.1640295,36.1523583,633.9
	-115.1640543,36.1523306,633.9
	-115.1640785,36.1523030,633.9
	-115.1641013,36.1522741,633.9
	-115.1641251,36.1522466,633.9
	-115.1641496,36.1522186,633.9
	-115.1641736,36.1521906,633.9
	-115.1641986,36.1521631,634.0
	-115.1642226,36.1521345,634.0
	-115.1642465,36.1521063,634.0
	-115.1642710,36.1520783,634.0
	-115.1642953,36.1520505,634.1
	-115.1643198,36.1520223,634.1
	-115.1643438,36.1519945,634.1
	-115.1643700,36.1519665,634.1
	-115.1643953,36.1519381,634.1
	-115.1644211,36.1519095,634.1
	-115.1644470,36.1518806,634.1
	-115.1644723,36.1518516,634.1
	-115.1644968,36.1518226,634.1
	-115.1645226,36.1517928,634.2
	-115.1645488,36.1517631,634.2
	-115.1645753,36.1517331,634.2
	-115.1646018,36.1517033,634.2
	-115.1646286,36.1516735,634.1
	-115.1646541,36.1516440,634.1
	-115.1646810,36.1516141,634.2
	-115.1647068,36.1515840,634.3
	-115.1647311,36.1515546,634.2
	-115.1647558,36.1515246,634.2
	-115.1647813,36.1514941,634.2
	-115.1648040,36.1514640,634.1
	-115.1648293,36.1514343,634.1
	-115.1648546,36.1514028,634.2
	-115.1648785,36.1513740,634.1
	-115.1649040,36.1513433,634.0
	-115.1649306,36.1513130,633.9
	-115.1649565,36.1512833,633.8
	-115.1649833,36.1512533,633.7
	-115.1650100,36.1512226,633.7
	-115.1650373,36.1511931,633.6
	-115.1650643,36.1511636,633.5
	-115.1650928,36.1511336,633.3
	-115.1651193,36.1511041,633.1
	-115.1651466,36.1510746,633.0
	-115.1651743,36.1510441,633.0
	-115.1652013,36.1510140,632.8
	-115.1652276,36.1509843,632.7
	-115.1652548,36.1509546,632.5
	-115.1652813,36.1509253,632.4
	-115.1653078,36.1508955,632.2
	-115.1653356,36.1508653,632.1
	-115.1653631,36.1508346,632.0
	-115.1653905,36.1508038,631.8
	-115.1654176,36.1507726,631.6
	-115.1654453,36.1507415,631.4
	-115.1654730,36.1507101,631.3
	-115.1655001,36.1506783,631.2
	-115.1655273,36.1506460,631.2
	-115.1655550,36.1506143,631.1
	-115.1655843,36.1505833,631.0
	-115.1656135,36.1505510,630.9
	-115.1656420,36.1505186,630.9
	-115.1656711,36.1504856,630.9
	-115.1657000,36.1504525,630.9
	-115.1657290,36.1504193,630.8
	-115.1657578,36.1503850,630.7
	-115.1657876,36.1503520,630.7
	-115.1658180,36.1503186,630.6
	-115.1658483,36.1502841,630.5
	-115.1658785,36.1502498,630.3
	-115.1659070,36.1502156,630.1
	-115.1659361,36.1501808,629.9
	-115.1659646,36.1501456,629.7
	-115.1659945,36.1501106,629.5
	-115.1660243,36.1500763,629.4
	-115.1660546,36.1500413,629.2
	-115.1660853,36.1500068,629.2
	-115.1661155,36.1499731,629.2
	-115.1661465,36.1499388,629.0
	-115.1661765,36.1499046,628.9
	-115.1662055,36.1498705,628.8
	-115.1662358,36.1498361,628.8
	-115.1662661,36.1498018,628.8
	-115.1662960,36.1497685,628.8
	-115.1663256,36.1497345,628.7
	-115.1663555,36.1497008,628.7
	-115.1663846,36.1496680,628.6
	-115.1664133,36.1496348,628.6
	-115.1664420,36.1496011,628.7
	-115.1664715,36.1495670,628.7
	-115.1665005,36.1495336,628.7
	-115.1665313,36.1494996,628.8
	-115.1665620,36.1494661,628.8
	-115.1665943,36.1494330,628.9
	-115.1666258,36.1493990,629.1
	-115.1666571,36.1493651,629.3
	-115.1666871,36.1493313,629.4
	-115.1667170,36.1492966,629.4
	-115.1667458,36.1492615,629.5
	-115.1667750,36.1492266,629.5
	-115.1668053,36.1491926,629.6
	-115.1668350,36.1491581,629.6
	-115.1668651,36.1491241,629.6
	-115.1668958,36.1490900,629.6
	-115.1669265,36.1490560,629.6
	-115.1669565,36.1490218,629.5
	-115.1669871,36.1489865,629.5
	-115.1670176,36.1489518,629.5
	-115.1670485,36.1489180,629.5
	-115.1670790,36.1488843,629.4
	-115.1671096,36.1488491,629.3
	-115.1671396,36.1488145,629.3
	-115.1671705,36.1487791,629.2
	-115.1672020,36.1487443,629.3
	-115.1672320,36.1487095,629.3
	-115.1672625,36.1486750,629.1
	-115.1672936,36.1486396,629.1
	-115.1673256,36.1486040,629.0
	-115.1673561,36.1485681,629.0
	-115.1673876,36.1485325,629.0
	-115.1674195,36.1484966,629.1
	-115.1674511,36.1484608,629.1
	-115.1674823,36.1484246,629.1
	-115.1675131,36.1483885,629.1
	-115.1675431,36.1483528,629.1
	-115.1675736,36.1483176,629.1
	-115.1676046,36.1482815,629.2
	-115.1676345,36.1482446,629.2
	-115.1676656,36.1482083,629.2
	-115.1676975,36.1481731,629.2
	-115.1677295,36.1481378,629.3
	-115.1677615,36.1481020,629.4
	-115.1677935,36.1480650,629.4
	-115.1678261,36.1480285,629.5
	-115.1678586,36.1479920,629.4
	-115.1678913,36.1479553,629.4
	-115.1679236,36.1479185,629.4
	-115.1679565,36.1478811,629.4
	-115.1679890,36.1478441,629.5
	-115.1680221,36.1478071,629.5
	-115.1680546,36.1477705,629.6
	-115.1680875,36.1477335,629.5
	-115.1681201,36.1476958,629.6
	-115.1681521,36.1476583,629.7
	-115.1681848,36.1476203,629.9
	-115.1682176,36.1475826,630.1
	-115.1682505,36.1475455,630.2
	-115.1682838,36.1475083,630.2
	-115.1683183,36.1474703,630.3
	-115.1683521,36.1474323,630.4
	-115.1683851,36.1473940,630.4
	-115.1684191,36.1473570,630.5
	-115.1684515,36.1473181,630.7
	-115.1684845,36.1472796,630.7
	-115.1685186,36.1472423,630.6
	-115.1685518,36.1472048,630.6
	-115.1685848,36.1471676,630.8
	-115.1686185,36.1471293,630.8
	-115.1686521,36.1470928,630.9
	-115.1686853,36.1470553,631.1
	-115.1687181,36.1470181,631.0
	-115.1687513,36.1469811,631.0
	-115.1687836,36.1469441,631.0
	-115.1688176,36.1469066,630.9
	-115.1688510,36.1468691,630.9
	-115.1688840,36.1468318,631.0
	-115.1689178,36.1467935,631.0
	-115.1689506,36.1467558,631.0
	-115.1689840,36.1467165,631.1
	-115.1690178,36.1466778,631.0
	-115.1690510,36.1466386,631.1
	-115.1690860,36.1465996,631.3
	-115.1691205,36.1465611,631.4
	-115.1691550,36.1465226,631.5
	-115.1691891,36.1464846,631.7
	-115.1692235,36.1464460,631.8
	-115.1692570,36.1464091,631.9
	-115.1692913,36.1463715,632.2
	-115.1693248,36.1463328,632.5
	-115.1693588,36.1462950,632.8
	-115.1693931,36.1462556,633.1
	-115.1694270,36.1462175,633.3
	-115.1694596,36.1461793,633.4
	-115.1694931,36.1461413,633.8
	-115.1695275,36.1461045,634.2
	-115.1695613,36.1460673,634.5
	-115.1695966,36.1460296,634.9
	-115.1696326,36.1459918,635.1
	-115.1696668,36.1459543,635.1
	-115.1697015,36.1459158,635.3
	-115.1697358,36.1458778,635.5
	-115.1697698,36.1458396,635.8
	-115.1698028,36.1458008,636.0
	-115.1698353,36.1457620,636.2
	-115.1698690,36.1457241,636.3
	-115.1699030,36.1456860,636.5
	-115.1699370,36.1456465,636.6
	-115.1699708,36.1456075,636.9
	-115.1700048,36.1455691,637.1
	-115.1700383,36.1455311,637.3
	-115.1700721,36.1454930,637.4
	-115.1701055,36.1454538,637.6
	-115.1701388,36.1454148,637.8
	-115.1701700,36.1453741,638.0
	-115.1702015,36.1453331,638.3
	-115.1702353,36.1452935,638.5
	-115.1702691,36.1452541,638.6
	-115.1703031,36.1452143,638.8
	-115.1703370,36.1451755,638.8
	-115.1703703,36.1451375,639.0
	-115.1704036,36.1450975,639.1
	-115.1704358,36.1450568,639.2
	-115.1704703,36.1450185,639.0
	-115.1705050,36.1449806,639.0
	-115.1705386,36.1449421,639.0
	-115.1705725,36.1449038,639.1
	-115.1706060,36.1448655,639.1
	-115.1706398,36.1448273,639.2
	-115.1706731,36.1447896,639.3
	-115.1707063,36.1447518,639.4
	-115.1707398,36.1447143,639.4
	-115.1707718,36.1446770,639.5
	-115.1708048,36.1446403,639.6
	-115.1708380,36.1446028,639.6
	-115.1708703,36.1445653,639.7
	-115.1709043,36.1445281,639.8
	-115.1709393,36.1444913,639.9
	-115.1709733,36.1444538,639.9
	-115.1710068,36.1444153,640.0
	-115.1710403,36.1443778,640.0
	-115.1710755,36.1443410,640.0
	-115.1711095,36.1443038,640.1
	-115.1711440,36.1442670,640.1
	-115.1711781,36.1442310,640.1
	-115.1712126,36.1441943,640.1
	-115.1712460,36.1441568,640.1
	-115.1712791,36.1441198,640.1
	-115.1713130,36.1440816,640.2
	-115.1713471,36.1440431,640.2
	-115.1713790,36.1440048,640.1
	-115.1714140,36.1439661,640.1
	-115.1714465,36.1439290,640.0
	-115.1714780,36.1438915,639.9
	-115.1715115,36.1438536,640.0
	-115.1715446,36.1438150,639.9
	-115.1715781,36.1437781,639.9
	-115.1716125,36.1437400,639.8
	-115.1716463,36.1437030,639.7
	-115.1716801,36.1436663,639.7
	-115.1717140,36.1436271,639.7
	-115.1717475,36.1435878,639.7
	-115.1717811,36.1435480,639.7
	-115.1718158,36.1435085,639.7
	-115.1718515,36.1434681,639.6
	-115.1718876,36.1434271,639.5
	-115.1719245,36.1433855,639.5
	-115.1719615,36.1433435,639.5
	-115.1719978,36.1433013,639.5
	-115.1720353,36.1432591,639.4
	-115.1720723,36.1432171,639.3
	-115.1721091,36.1431746,639.2
	-115.1721456,36.1431323,639.2
	-115.1721816,36.1430910,639.3
	-115.1722201,36.1430486,639.3
	-115.1722573,36.1430051,639.3
	-115.1722946,36.1429621,639.2
	-115.1723311,36.1429206,639.1
	-115.1723686,36.1428785,639.0
	-115.1724063,36.1428363,638.9
	-115.1724425,36.1427938,638.8
	-115.1724795,36.1427500,638.7
	-115.1725160,36.1427080,638.6
	-115.1725521,36.1426668,638.4
	-115.1725886,36.1426263,638.2
	-115.1726251,36.1425855,638.1
	-115.1726600,36.1425458,638.0
	-115.1726961,36.1425041,637.9
	-115.1727321,36.1424623,637.8
	-115.1727665,36.1424211,637.6
	-115.1728006,36.1423806,637.4
	-115.1728370,36.1423386,637.3
	-115.1728720,36.1422970,637.2
	-115.1729065,36.1422555,637.1
	-115.1729431,36.1422140,637.0
	-115.1729798,36.1421740,637.0
	-115.1730161,36.1421330,637.0
	-115.1730521,36.1420908,636.9
	-115.1730890,36.1420493,636.9
	-115.1731251,36.1420083,636.9
	-115.1731620,36.1419673,636.9
	-115.1731998,36.1419265,637.0
	-115.1732365,36.1418850,637.0
	-115.1732731,36.1418438,637.0
	-115.1733101,36.1418021,636.9
	-115.1733501,36.1417605,636.8
	-115.1733885,36.1417186,636.9
	-115.1734263,36.1416771,637.0
	-115.1734646,36.1416353,637.2
	-115.1735018,36.1415938,637.4
	-115.1735395,36.1415513,637.4
	-115.1735761,36.1415093,637.5
	-115.1736143,36.1414678,637.6
	-115.1736523,36.1414260,637.7
	-115.1736903,36.1413841,637.8
	-115.1737298,36.1413420,638.0
	-115.1737680,36.1413000,638.0
	-115.1738055,36.1412578,638.1
	-115.1738425,36.1412161,638.1
	-115.1738800,36.1411741,638.1
	-115.1739175,36.1411328,638.2
	-115.1739540,36.1410900,638.3
	-115.1739905,36.1410481,638.4
	-115.1740271,36.1410065,638.4
	-115.1740638,36.1409643,638.4
	-115.1740998,36.1409216,638.4
	-115.1741370,36.1408806,638.4
	-115.1741741,36.1408393,638.5
	-115.1742105,36.1407975,638.4
	-115.1742470,36.1407558,638.5
	-115.1742826,36.1407146,638.5
	-115.1743181,36.1406735,638.4
	-115.1743528,36.1406321,638.3
	-115.1743875,36.1405918,638.3
	-115.1744228,36.1405510,638.3
	-115.1744573,36.1405100,638.3
	-115.1744911,36.1404695,638.2
	-115.1745253,36.1404298,638.2
	-115.1745598,36.1403903,638.1
	-115.1745933,36.1403510,638.2
	-115.1746263,36.1403115,638.3
	-115.1746610,36.1402728,638.3
	-115.1746936,36.1402343,638.4
	-115.1747265,36.1401958,638.5
	-115.1747590,36.1401580,638.5
	-115.1747923,36.1401201,638.5
	-115.1748246,36.1400828,638.6
	-115.1748578,36.1400456,638.6
	-115.1748906,36.1400083,638.8
	-115.1749226,36.1399708,639.0
	-115.1749548,36.1399338,639.1
	-115.1749875,36.1398965,639.2
	-115.1750198,36.1398585,639.3
	-115.1750530,36.1398210,639.4
	-115.1750870,36.1397828,639.5
	-115.1751208,36.1397436,639.7
	-115.1751536,36.1397050,639.7
	-115.1751865,36.1396658,639.8
	-115.1752193,36.1396255,639.8
	-115.1752518,36.1395851,639.9
	-115.1752855,36.1395460,639.9
	-115.1753195,36.1395060,639.9
	-115.1753525,36.1394675,639.9
	-115.1753860,36.1394285,640.1
	-115.1754200,36.1393895,640.2
	-115.1754531,36.1393505,640.1
	-115.1754868,36.1393115,640.1
	-115.1755215,36.1392725,640.0
	-115.1755558,36.1392328,640.0
	-115.1755908,36.1391941,640.0
	-115.1756266,36.1391553,640.1
	-115.1756605,36.1391158,640.2
	-115.1756956,36.1390771,640.1
	-115.1757315,36.1390380,640.0
	-115.1757675,36.1389986,640.0
	-115.1758036,36.1389591,640.0
	-115.1758395,36.1389203,640.2
	-115.1758751,36.1388806,640.3
	-115.1759101,36.1388410,640.3
	-115.1759453,36.1388003,640.4
	-115.1759801,36.1387603,640.4
	-115.1760146,36.1387208,640.5
	-115.1760496,36.1386798,640.7
	-115.1760853,36.1386393,640.8
	-115.1761198,36.1385980,640.9
	-115.1761558,36.1385566,641.0
	-115.1761916,36.1385163,641.2
	-115.1762273,36.1384768,641.3
	-115.1762638,36.1384360,641.4
	-115.1762995,36.1383946,641.4
	-115.1763340,36.1383553,641.5
	-115.1763705,36.1383131,641.5
	-115.1764063,36.1382723,641.5
	-115.1764420,36.1382320,641.5
	-115.1764783,36.1381921,641.5
	-115.1765136,36.1381520,641.6
	-115.1765475,36.1381125,641.5
	-115.1765838,36.1380726,641.6
	-115.1766190,36.1380331,641.7
	-115.1766531,36.1379945,641.8
	-115.1766873,36.1379546,641.7
	-115.1767206,36.1379153,641.7
	-115.1767533,36.1378765,641.7
	-115.1767871,36.1378371,641.8
	-115.1768205,36.1377983,642.0
	-115.1768536,36.1377591,642.1
	-115.1768893,36.1377190,642.1
	-115.1769226,36.1376790,642.1
	-115.1769568,36.1376395,642.1
	-115.1769925,36.1375990,642.3
	-115.1770263,36.1375588,642.4
	-115.1770618,36.1375198,642.6
	-115.1770973,36.1374800,642.8
	-115.1771326,36.1374408,642.8
	-115.1771663,36.1374011,642.8
	-115.1772036,36.1373618,643.0
	-115.1772383,36.1373235,643.2
	-115.1772743,36.1372833,643.4
	-115.1773100,36.1372423,643.6
	-115.1773453,36.1372018,643.7
	-115.1773805,36.1371618,643.8
	-115.1774166,36.1371221,643.8
	-115.1774518,36.1370816,643.8
	-115.1774866,36.1370420,643.8
	-115.1775210,36.1370021,643.8
	-115.1775563,36.1369618,643.9
	-115.1775915,36.1369216,643.9
	-115.1776265,36.1368813,643.9
	-115.1776613,36.1368408,644.0
	-115.1776958,36.1368001,644.0
	-115.1777308,36.1367593,644.1
	-115.1777665,36.1367190,644.1
	-115.1778010,36.1366783,644.1
	-115.1778353,36.1366375,644.2
	-115.1778691,36.1365966,644.2
	-115.1779033,36.1365560,644.3
	-115.1779366,36.1365150,644.3
	-115.1779696,36.1364741,644.4
	-115.1780023,36.1364333,644.4
	-115.1780348,36.1363918,644.4
	-115.1780681,36.1363508,644.5
	-115.1781010,36.1363098,644.6
	-115.1781325,36.1362680,644.6
	-115.1781651,36.1362258,644.7
	-115.1781968,36.1361836,644.8
	-115.1782283,36.1361415,644.7
	-115.1782598,36.1360998,644.8
	-115.1782908,36.1360575,644.9
	-115.1783210,36.1360130,644.9
	-115.1783521,36.1359701,644.9
	-115.1783836,36.1359271,644.8
	-115.1784158,36.1358838,644.8
	-115.1784473,36.1358410,644.8
	-115.1784776,36.1357983,644.8
	-115.1785073,36.1357553,645.0
	-115.1785368,36.1357116,645.0
	-115.1785676,36.1356685,645.0
	-115.1785985,36.1356266,644.9
	-115.1786291,36.1355838,644.9
	-115.1786601,36.1355400,644.9
	-115.1786900,36.1354956,644.8
	-115.1787178,36.1354521,644.9
	-115.1787471,36.1354086,644.9
	-115.1787761,36.1353646,644.9
	-115.1788041,36.1353213,644.9
	-115.1788330,36.1352771,645.1
	-115.1788621,36.1352323,645.3
	-115.1788908,36.1351870,645.4
	-115.1789196,36.1351415,645.5
	-115.1789490,36.1350963,645.7
	-115.1789785,36.1350518,645.7
	-115.1790061,36.1350063,645.7
	-115.1790345,36.1349608,645.7
	-115.1790613,36.1349155,645.6
	-115.1790868,36.1348696,645.7
	-115.1791133,36.1348245,645.7
	-115.1791393,36.1347791,645.8
	-115.1791650,36.1347336,645.8
	-115.1791910,36.1346883,645.8
	-115.1792161,36.1346428,645.8
	-115.1792408,36.1345973,645.9
	-115.1792655,36.1345518,645.9
	-115.1792901,36.1345066,646.0
	-115.1793148,36.1344615,646.0
	-115.1793395,36.1344161,646.1
	-115.1793638,36.1343701,646.0
	-115.1793883,36.1343241,646.0
	-115.1794113,36.1342783,645.9
	-115.1794346,36.1342326,645.9
	-115.1794575,36.1341866,646.0
	-115.1794785,36.1341403,646.1
	-115.1795006,36.1340945,646.1
	-115.1795220,36.1340476,646.1
	-115.1795441,36.1340020,646.1
	-115.1795666,36.1339565,646.1
	-115.1795888,36.1339091,646.1
	-115.1796105,36.1338611,646.2
	-115.1796313,36.1338135,646.3
	-115.1796531,36.1337665,646.3
	-115.1796751,36.1337191,646.3
	-115.1796956,36.1336713,646.3
	-115.1797175,36.1336240,646.3
	-115.1797388,36.1335763,646.2
	-115.1797596,36.1335281,646.2
	-115.1797811,36.1334793,646.4
	-115.1798016,36.1334313,646.4
	-115.1798218,36.1333831,646.4
	-115.1798415,36.1333351,646.3
	-115.1798611,36.1332878,646.3
	-115.1798805,36.1332395,646.1
	-115.1798991,36.1331901,646.0
	-115.1799168,36.1331416,646.0
	-115.1799358,36.1330928,646.0
	-115.1799553,36.1330451,646.0
	-115.1799740,36.1329965,645.9
	-115.1799913,36.1329473,645.9
	-115.1800086,36.1328981,645.9
	-115.1800258,36.1328485,645.9
	-115.1800421,36.1327995,646.0
	-115.1800605,36.1327506,646.1
	-115.1800786,36.1327026,646.3
	-115.1800961,36.1326533,646.3
	-115.1801140,36.1326030,646.3
	-115.1801311,36.1325528,646.3
	-115.1801476,36.1325025,646.4
	-115.1801645,36.1324521,646.4
	-115.1801801,36.1324015,646.5
	-115.1801961,36.1323513,646.6
	-115.1802115,36.1323003,646.5
	-115.1802268,36.1322505,646.5
	-115.1802421,36.1322006,646.6
	-115.1802575,36.1321503,646.6
	-115.1802713,36.1321000,646.6
	-115.1802863,36.1320513,646.7
	-115.1803011,36.1320030,646.9
	-115.1803161,36.1319538,646.9
	-115.1803290,36.1319035,646.8
	-115.1803418,36.1318538,646.8
	-115.1803551,36.1318036,646.9
	-115.1803675,36.1317540,646.9
	-115.1803796,36.1317036,647.0
	-115.1803918,36.1316538,647.1
	-115.1804033,36.1316036,647.0
	-115.1804158,36.1315525,647.0
	-115.1804275,36.1315020,646.9
	-115.1804393,36.1314511,646.9
	-115.1804500,36.1313998,646.9
	-115.1804603,36.1313480,647.0
	-115.1804726,36.1312970,647.1
	-115.1804838,36.1312460,647.1
	-115.1804943,36.1311945,647.1
	-115.1805050,36.1311428,647.0
	-115.1805145,36.1310915,647.1
	-115.1805240,36.1310398,647.1
	-115.1805320,36.1309878,647.1
	-115.1805405,36.1309361,647.1
	-115.1805486,36.1308846,647.2
	-115.1805570,36.1308318,647.2
	-115.1805650,36.1307806,647.2
	-115.1805730,36.1307291,647.1
	-115.1805806,36.1306770,647.1
	-115.1805878,36.1306251,647.2
	-115.1805953,36.1305743,647.4
	-115.1806050,36.1305221,647.5
	-115.1806141,36.1304703,647.7
	-115.1806238,36.1304193,647.8
	-115.1806318,36.1303688,648.0
	-115.1806371,36.1303158,648.2
	-115.1806431,36.1302628,648.3
	-115.1806486,36.1302091,648.5
	-115.1806538,36.1301565,648.7
	-115.1806600,36.1301033,648.8
	-115.1806645,36.1300503,649.0
	-115.1806693,36.1299971,649.2
	-115.1806741,36.1299443,649.5
	-115.1806786,36.1298913,649.6
	-115.1806843,36.1298390,649.5
	-115.1806888,36.1297851,649.4
	-115.1806916,36.1297310,649.5
	-115.1806941,36.1296773,649.6
	-115.1806965,36.1296238,649.7
	-115.1806983,36.1295711,649.9
	-115.1806996,36.1295176,650.0
	-115.1807008,36.1294645,650.1
	-115.1807021,36.1294118,650.2
	-115.1807026,36.1293586,650.3
	-115.1807035,36.1293058,650.5
	-115.1807048,36.1292523,650.6
	-115.1807048,36.1291985,650.7
	-115.1807055,36.1291448,650.8
	-115.1807061,36.1290915,651.0
	-115.1807061,36.1290381,651.1
	-115.1807063,36.1289848,651.2
	-115.1807070,36.1289308,651.4
	-115.1807071,36.1288776,651.5
	-115.1807070,36.1288241,651.6
	-115.1807073,36.1287710,651.7
	-115.1807070,36.1287166,651.7
	-115.1807075,36.1286621,651.9
	-115.1807076,36.1286076,651.9
	-115.1807081,36.1285541,652.1
	-115.1807096,36.1285016,652.2
	-115.1807101,36.1284481,652.3
	-115.1807100,36.1283943,652.3
	-115.1807100,36.1283396,652.5
	-115.1807110,36.1282863,652.6
	-115.1807125,36.1282320,652.7
	-115.1807136,36.1281766,652.9
	-115.1807155,36.1281213,653.0
	-115.1807175,36.1280665,653.1
	-115.1807183,36.1280110,653.2
	-115.1807183,36.1279556,653.3
	-115.1807183,36.1279003,653.5
	-115.1807183,36.1278451,653.6
	-115.1807183,36.1277891,653.8
	-115.1807193,36.1277338,654.0
	-115.1807205,36.1276790,654.0
	-115.1807218,36.1276233,654.1
	-115.1807226,36.1275670,654.2
	-115.1807235,36.1275113,654.2
	-115.1807246,36.1274553,654.3
	-115.1807261,36.1273991,654.3
	-115.1807278,36.1273431,654.4
	-115.1807296,36.1272876,654.5
	-115.1807306,36.1272315,654.5
	-115.1807323,36.1271755,654.6
	-115.1807320,36.1271193,654.6
	-115.1807325,36.1270633,654.7
	-115.1807331,36.1270076,654.7
	-115.1807350,36.1269518,654.8
	-115.1807363,36.1268960,654.9
	-115.1807371,36.1268405,655.0
	-115.1807378,36.1267835,655.0
	-115.1807386,36.1267275,654.9
	-115.1807396,36.1266723,654.9
	-115.1807396,36.1266160,654.5
	-115.1807393,36.1265605,654.3
	-115.1807405,36.1265051,654.2
	-115.1807415,36.1264503,654.0
	-115.1807421,36.1263956,653.9
	-115.1807430,36.1263410,653.8
	-115.1807440,36.1262868,653.8
	-115.1807453,36.1262321,653.7
	-115.1807455,36.1261781,653.6
	-115.1807458,36.1261238,653.5
	-115.1807465,36.1260698,653.3
	-115.1807463,36.1260163,653.3
	-115.1807465,36.1259633,653.4
	-115.1807475,36.1259098,653.4
	-115.1807481,36.1258570,653.4
	-115.1807480,36.1258038,653.4
	-115.1807476,36.1257506,653.4
	-115.1807473,36.1256975,653.5
	-115.1807461,36.1256443,653.5
	-115.1807465,36.1255905,653.5
	-115.1807443,36.1255375,653.6
	-115.1807438,36.1254833,653.6
	-115.1807436,36.1254293,653.6
	-115.1807440,36.1253758,653.6
	-115.1807440,36.1253225,653.6
	-115.1807450,36.1252675,653.6
	-115.1807443,36.1252115,653.6
	-115.1807446,36.1251563,653.6
	-115.1807456,36.1251018,653.7
	-115.1807465,36.1250463,653.7
	-115.1807461,36.1249910,653.7
	-115.1807460,36.1249355,653.7
	-115.1807448,36.1248810,653.8
	-115.1807445,36.1248263,653.8
	-115.1807435,36.1247720,653.8
	-115.1807440,36.1247166,653.8
	-115.1807438,36.1246611,653.8
	-115.1807443,36.1246063,653.8
	-115.1807428,36.1245518,653.8
	-115.1807415,36.1244951,653.8
	-115.1807408,36.1244401,653.8
	-115.1807393,36.1243858,653.9
	-115.1807388,36.1243321,653.9
	-115.1807381,36.1242786,653.9
	-115.1807375,36.1242248,653.9
	-115.1807373,36.1241710,653.9
	-115.1807370,36.1241168,654.0
	-115.1807370,36.1240630,654.0
	-115.1807368,36.1240086,654.2
	-115.1807376,36.1239533,654.2
	-115.1807383,36.1238985,654.4
	-115.1807390,36.1238441,654.4
	-115.1807386,36.1237886,654.4
	-115.1807395,36.1237318,654.5
	-115.1807388,36.1236766,654.6
	-115.1807395,36.1236218,654.6
	-115.1807378,36.1235675,654.7
	-115.1807366,36.1235123,654.7
	-115.1807353,36.1234576,654.8
	-115.1807360,36.1234038,654.9
	-115.1807358,36.1233496,655.0
	-115.1807345,36.1232955,655.0
	-115.1807343,36.1232410,655.1
	-115.1807348,36.1231860,655.2
	-115.1807336,36.1231303,655.4
	-115.1807350,36.1230751,655.5
	-115.1807356,36.1230201,655.5
	-115.1807358,36.1229641,655.6
	-115.1807358,36.1229076,655.8
	-115.1807365,36.1228526,655.8
	-115.1807368,36.1227975,656.0
	-115.1807380,36.1227405,656.1
	-115.1807381,36.1226841,656.4
	-115.1807383,36.1226283,656.5
	-115.1807393,36.1225730,656.6
	-115.1807401,36.1225185,656.8
	-115.1807415,36.1224635,657.0
	-115.1807430,36.1224081,657.1
	-115.1807435,36.1223525,657.3
	-115.1807436,36.1222971,657.5
	-115.1807443,36.1222423,657.6
	-115.1807445,36.1221880,657.6
	-115.1807440,36.1221333,657.6
	-115.1807438,36.1220790,657.7
	-115.1807445,36.1220248,657.7
	-115.1807448,36.1219703,657.7
	-115.1807453,36.1219160,657.8
	-115.1807446,36.1218615,657.8
	-115.1807435,36.1218068,657.9
	-115.1807426,36.1217531,658.0
	-115.1807428,36.1217005,658.1
	-115.1807433,36.1216481,658.1
	-115.1807428,36.1215958,658.1
	-115.1807411,36.1215421,658.1
	-115.1807405,36.1214895,658.1
	-115.1807398,36.1214368,658.3
	-115.1807383,36.1213838,658.2
	-115.1807376,36.1213310,658.0
	-115.1807376,36.1212776,657.9
	-115.1807371,36.1212243,657.8
	-115.1807355,36.1211706,657.6
	-115.1807345,36.1211176,657.5
	-115.1807326,36.1210638,657.4
	-115.1807321,36.1210105,657.4
	-115.1807330,36.1209591,657.4
	-115.1807323,36.1209068,657.4
	-115.1807330,36.1208540,657.3
	-115.1807320,36.1208003,657.2
	-115.1807320,36.1207475,657.0
	-115.1807330,36.1206946,656.9
	-115.1807338,36.1206416,656.8
	-115.1807340,36.1205895,656.8
	-115.1807346,36.1205368,656.7
	-115.1807336,36.1204840,656.5
	-115.1807336,36.1204311,656.3
	-115.1807326,36.1203778,656.3
	-115.1807325,36.1203248,656.2
	-115.1807325,36.1202721,656.1
	-115.1807325,36.1202188,656.1
	-115.1807336,36.1201676,656.1
	-115.1807340,36.1201155,656.0
	-115.1807330,36.1200621,655.9
	-115.1807323,36.1200106,655.8
	-115.1807318,36.1199598,655.7
	-115.1807316,36.1199081,655.5
	-115.1807313,36.1198553,655.4
	-115.1807316,36.1198028,655.3
	-115.1807321,36.1197505,655.2
	-115.1807325,36.1196976,655.1
	-115.1807338,36.1196446,655.1
	-115.1807350,36.1195921,655.0
	-115.1807358,36.1195400,655.0
	-115.1807365,36.1194875,654.9
	-115.1807375,36.1194351,654.7
	-115.1807378,36.1193823,654.5
	-115.1807373,36.1193300,654.5
	-115.1807373,36.1192776,654.4
	-115.1807361,36.1192270,654.1
	-115.1807358,36.1191750,654.0
	-115.1807348,36.1191226,653.8
	-115.1807356,36.1190708,653.5
	-115.1807365,36.1190188,653.2
	-115.1807366,36.1189678,653.1
	-115.1807361,36.1189155,653.1
	-115.1807356,36.1188640,653.0
	-115.1807356,36.1188118,652.9
	-115.1807363,36.1187598,652.6
	-115.1807373,36.1187078,652.3
	-115.1807390,36.1186555,652.1
	-115.1807385,36.1186018,651.9
	-115.1807383,36.1185483,651.7
	-115.1807386,36.1184960,651.5
	-115.1807393,36.1184440,651.5
	-115.1807398,36.1183910,651.4
	-115.1807403,36.1183378,651.2
	-115.1807406,36.1182843,651.0
	-115.1807420,36.1182315,650.8
	-115.1807426,36.1181786,650.7
	-115.1807433,36.1181261,650.6
	-115.1807453,36.1180726,650.5
	-115.1807471,36.1180200,650.5
	-115.1807485,36.1179666,650.4
	-115.1807508,36.1179128,650.2
	-115.1807506,36.1178588,650.1
	-115.1807508,36.1178061,650.0
	-115.1807510,36.1177531,650.0
	-115.1807515,36.1177006,649.9
	-115.1807520,36.1176475,649.8
	-115.1807526,36.1175946,649.7
	-115.1807533,36.1175418,649.8
	-115.1807533,36.1174891,649.7
	-115.1807543,36.1174365,649.5
	-115.1807546,36.1173836,649.3
	-115.1807556,36.1173305,649.3
	-115.1807556,36.1172775,649.2
	-115.1807556,36.1172243,649.2
	-115.1807545,36.1171713,649.1
	-115.1807550,36.1171176,649.2
	-115.1807556,36.1170653,649.2
	-115.1807561,36.1170121,649.0
	-115.1807570,36.1169588,648.9
	-115.1807573,36.1169058,648.9
	-115.1807570,36.1168518,648.8
	-115.1807571,36.1167985,648.8
	-115.1807573,36.1167450,648.7
	-115.1807585,36.1166920,648.8
	-115.1807601,36.1166391,648.8
	-115.1807610,36.1165866,648.7
	-115.1807615,36.1165340,648.6
	-115.1807608,36.1164803,648.5
	-115.1807593,36.1164276,648.4
	-115.1807585,36.1163733,648.3
	-115.1807575,36.1163190,648.3
	-115.1807575,36.1162651,648.4
	-115.1807576,36.1162115,648.5
	-115.1807578,36.1161583,648.4
	-115.1807575,36.1161046,648.4
	-115.1807583,36.1160513,648.4
	-115.1807588,36.1159988,648.4
	-115.1807596,36.1159466,648.3
	-115.1807605,36.1158930,648.4
	-115.1807605,36.1158388,648.7
	-115.1807600,36.1157846,648.8
	-115.1807605,36.1157303,648.8
	-115.1807608,36.1156766,648.8
	-115.1807623,36.1156236,648.9
	-115.1807633,36.1155701,648.9
	-115.1807636,36.1155168,649.0
	-115.1807625,36.1154636,649.0
	-115.1807641,36.1154103,649.1
	-115.1807651,36.1153585,649.2
	-115.1807653,36.1153055,649.2
	-115.1807653,36.1152518,649.2
	-115.1807660,36.1151976,649.1
	-115.1807661,36.1151451,649.1
	-115.1807661,36.1150908,649.2
	-115.1807653,36.1150371,649.1
	-115.1807646,36.1149836,649.2
	-115.1807638,36.1149300,649.3
	-115.1807638,36.1148766,649.3
	-115.1807646,36.1148231,649.2
	-115.1807661,36.1147693,649.1
	-115.1807660,36.1147156,649.1
	-115.1807680,36.1146618,649.1
	-115.1807685,36.1146090,649.1
	-115.1807690,36.1145556,649.0
	-115.1807688,36.1145018,649.0
	-115.1807683,36.1144488,649.0
	-115.1807683,36.1143958,648.9
	-115.1807693,36.1143423,648.9
	-115.1807700,36.1142888,648.9
	-115.1807705,36.1142355,648.8
	-115.1807691,36.1141835,648.8
	-115.1807710,36.1141255,648.9
	-115.1807710,36.1140708,648.9
	-115.1807698,36.1140171,648.8
	-115.1807700,36.1139636,649.2
	-115.1807701,36.1139091,649.4
	-115.1807698,36.1138553,649.4
	-115.1807691,36.1138018,649.4
	-115.1807680,36.1137481,649.4
	-115.1807666,36.1136945,649.3
	-115.1807656,36.1136410,649.3
	-115.1807653,36.1135873,649.4
	-115.1807645,36.1135336,649.4
	-115.1807645,36.1134803,649.4
	-115.1807648,36.1134270,649.4
	-115.1807650,36.1133730,649.4
	-115.1807648,36.1133190,649.5
	-115.1807653,36.1132663,649.5
	-115.1807655,36.1132126,649.5
	-115.1807646,36.1131593,649.6
	-115.1807641,36.1131060,649.7
	-115.1807635,36.1130531,649.7
	-115.1807611,36.1130001,649.7
	-115.1807601,36.1129476,649.7
	-115.1807588,36.1128950,649.7
	-115.1807580,36.1128420,649.8
	-115.1807575,36.1127876,649.8
	-115.1807571,36.1127338,649.8
	-115.1807570,36.1126808,649.8
	-115.1807556,36.1126275,649.8
	-115.1807540,36.1125733,649.7
	-115.1807541,36.1125195,649.7
	-115.1807535,36.1124660,649.7
	-115.1807531,36.1124131,649.8
	-115.1807520,36.1123601,649.8
	-115.1807521,36.1123073,649.9
	-115.1807515,36.1122536,650.1
	-115.1807503,36.1122018,650.1
	-115.1807490,36.1121490,650.1
	-115.1807481,36.1120975,650.1
	-115.1807476,36.1120441,650.1
	-115.1807471,36.1119906,650.2
	-115.1807456,36.1119371,650.0
	-115.1807450,36.1118843,650.0
	-115.1807436,36.1118325,650.0
	-115.1807416,36.1117785,650.1
	-115.1807421,36.1117263,650.0
	-115.1807411,36.1116730,649.9
	-115.1807401,36.1116211,649.9
	-115.1807413,36.1115693,649.9
	-115.1807420,36.1115178,649.9
	-115.1807421,36.1114648,649.9
	-115.1807425,36.1114120,649.9
	-115.1807426,36.1113593,650.0
	-115.1807423,36.1113071,650.0
	-115.1807411,36.1112548,650.0
	-115.1807391,36.1112018,649.9
	-115.1807373,36.1111480,649.9
	-115.1807371,36.1110945,649.9
	-115.1807345,36.1110406,650.0
	-115.1807330,36.1109873,650.0
	-115.1807318,36.1109341,650.0
	-115.1807310,36.1108823,650.1
	-115.1807308,36.1108306,650.1
	-115.1807311,36.1107793,650.1
	-115.1807295,36.1107278,649.9
	-115.1807278,36.1106750,649.9
	-115.1807276,36.1106220,649.9
	-115.1807270,36.1105695,649.9
	-115.1807268,36.1105163,649.8
	-115.1807278,36.1104621,649.8
	-115.1807266,36.1104083,649.9
	-115.1807265,36.1103546,649.9
	-115.1807268,36.1103010,649.8
	-115.1807253,36.1102468,649.8
	-115.1807251,36.1101931,649.8
	-115.1807253,36.1101391,649.8
	-115.1807236,36.1100870,649.8
	-115.1807245,36.1100341,649.7
	-115.1807245,36.1099803,649.8
	-115.1807253,36.1099263,649.8
	-115.1807258,36.1098733,649.8
	-115.1807261,36.1098206,649.8
	-115.1807271,36.1097678,649.8
	-115.1807290,36.1097145,649.8
	-115.1807295,36.1096615,649.9
	-115.1807306,36.1096075,649.9
	-115.1807316,36.1095523,650.1
	-115.1807326,36.1094983,650.3
	-115.1807346,36.1094446,650.5
	-115.1807366,36.1093906,650.4
	-115.1807391,36.1093368,650.4
	-115.1807413,36.1092825,650.4
	-115.1807431,36.1092280,650.4
	-115.1807451,36.1091736,650.4
	-115.1807456,36.1091200,650.4
	-115.1807473,36.1090661,650.6
	-115.1807478,36.1090118,650.5
	-115.1807483,36.1089573,650.5
	-115.1807473,36.1089036,650.4
	-115.1807453,36.1088503,650.4
	-115.1807435,36.1087968,650.4
	-115.1807436,36.1087436,650.4
	-115.1807438,36.1086893,650.5
	-115.1807445,36.1086361,650.6
	-115.1807456,36.1085840,650.8
	-115.1807455,36.1085310,650.8
	-115.1807461,36.1084780,650.9
	-115.1807468,36.1084251,650.9
	-115.1807466,36.1083723,651.0
	-115.1807478,36.1083196,651.1
	-115.1807488,36.1082733,651.0
	-115.1807480,36.1082221,651.3
	-115.1807460,36.1081716,651.3
	-115.1807406,36.1081205,651.3
	-115.1807350,36.1080691,651.3
	-115.1807285,36.1080153,651.3
	-115.1807215,36.1079618,651.3
	-115.1807285,36.1079068,651.3
	-115.1807278,36.1078530,651.4
	-115.1807305,36.1077993,651.4
	-115.1807306,36.1077463,651.3
	-115.1807308,36.1076931,651.3
	-115.1807306,36.1076405,651.3
	-115.1807305,36.1075878,651.3
	-115.1807305,36.1075351,651.3
	-115.1807305,36.1074823,651.2
	-115.1807303,36.1074288,651.2
	-115.1807300,36.1073758,651.2
	-115.1807295,36.1073230,651.1
	-115.1807295,36.1072708,651.2
	-115.1807293,36.1072175,651.1
	-115.1807290,36.1071643,651.2
	-115.1807293,36.1071118,651.2
	-115.1807295,36.1070590,651.2
	-115.1807293,36.1070061,651.2
	-115.1807293,36.1069526,651.2
	-115.1807318,36.1069010,651.3
	-115.1807325,36.1068476,651.2
	-115.1807326,36.1067955,651.4
	-115.1807330,36.1067426,651.4
	-115.1807330,36.1066903,651.5
	-115.1807335,36.1066378,651.5
	-115.1807345,36.1065851,651.6
	-115.1807358,36.1065331,651.7
	-115.1807363,36.1064810,651.7
	-115.1807365,36.1064295,651.8
	-115.1807368,36.1063781,651.9
	-115.1807370,36.1063265,651.9
	-115.1807368,36.1062748,651.9
	-115.1807363,36.1062236,652.0
	-115.1807365,36.1061720,652.0
	-115.1807366,36.1061211,652.0
	-115.1807366,36.1060711,652.1
	-115.1807375,36.1060198,652.2
	-115.1807393,36.1059683,652.3
	-115.1807388,36.1059163,652.4
	-115.1807401,36.1058646,652.4
	-115.1807425,36.1058125,652.6
	-115.1807433,36.1057606,652.8
	-115.1807456,36.1057086,652.9
	-115.1807475,36.1056568,652.9
	-115.1807483,36.1056061,653.0
	-115.1807491,36.1055550,653.0
	-115.1807505,36.1055036,653.0
	-115.1807515,36.1054526,653.1
	-115.1807520,36.1054021,653.2
	-115.1807531,36.1053513,653.3
	-115.1807533,36.1053005,653.4
	-115.1807546,36.1052495,653.5
	-115.1807555,36.1051990,653.4
	-115.1807551,36.1051481,653.4
	-115.1807550,36.1050970,653.5
	-115.1807550,36.1050456,653.6
	-115.1807546,36.1049940,653.6
	-115.1807545,36.1049423,653.8
	-115.1807546,36.1048910,654.0
	-115.1807546,36.1048393,654.1
	-115.1807550,36.1047876,654.2
	-115.1807551,36.1047363,654.3
	-115.1807556,36.1046851,654.3
	-115.1807558,36.1046326,654.4
	-115.1807565,36.1045806,654.4
	-115.1807570,36.1045290,654.4
	-115.1807576,36.1044771,654.5
	-115.1807580,36.1044253,654.6
	-115.1807586,36.1043735,654.6
	-115.1807596,36.1043213,654.6
	-115.1807595,36.1042700,654.5
	-115.1807591,36.1042183,654.5
	-115.1807588,36.1041663,654.5
	-115.1807588,36.1041145,654.5
	-115.1807586,36.1040626,654.5
	-115.1807591,36.1040111,654.6
	-115.1807600,36.1039593,654.6
	-115.1807606,36.1039073,654.5
	-115.1807615,36.1038555,654.5
	-115.1807606,36.1038030,654.6
	-115.1807606,36.1037510,654.7
	-115.1807600,36.1036973,654.8
	-115.1807596,36.1036448,654.9
	-115.1807586,36.1035918,655.0
	-115.1807585,36.1035393,655.0
	-115.1807581,36.1034860,655.1
	-115.1807578,36.1034320,655.2
	-115.1807585,36.1033781,655.2
	-115.1807588,36.1033241,655.2
	-115.1807598,36.1032701,655.3
	-115.1807616,36.1032165,655.2
	-115.1807620,36.1031613,655.1
	-115.1807628,36.1031063,655.1
	-115.1807625,36.1030500,655.2
	-115.1807621,36.1029938,655.4
	-115.1807615,36.1029376,655.5
	-115.1807615,36.1028816,655.5
	-115.1807613,36.1028245,655.4
	-115.1807610,36.1027666,655.5
	-115.1807605,36.1027086,655.5
	-115.1807605,36.1026496,655.5
	-115.1807618,36.1025915,655.5
	-115.1807598,36.1025325,655.6
	-115.1807596,36.1024743,655.7
	-115.1807601,36.1024161,655.7
	-115.1807610,36.1023576,655.9
	-115.1807633,36.1022990,655.8
	-115.1807635,36.1022398,655.8
	-115.1807648,36.1021815,655.8
	-115.1807651,36.1021225,655.9
	-115.1807668,36.1020636,655.8
	-115.1807678,36.1020051,655.8
	-115.1807683,36.1019461,655.9
	-115.1807685,36.1018873,656.0
	-115.1807676,36.1018291,656.1
	-115.1807676,36.1017715,656.1
	-115.1807680,36.1017138,656.0
	-115.1807681,36.1016555,656.0
	-115.1807686,36.1015973,655.9
	-115.1807693,36.1015391,656.0
	-115.1807703,36.1014810,656.0
	-115.1807708,36.1014230,656.1
	-115.1807715,36.1013655,656.3
	-115.1807723,36.1013071,656.4
	-115.1807731,36.1012488,656.5
	-115.1807745,36.1011903,656.5
	-115.1807758,36.1011325,656.4
	-115.1807778,36.1010750,656.4
	-115.1807790,36.1010188,656.4
	-115.1807798,36.1009618,656.4
	-115.1807820,36.1009053,656.4
	-115.1807843,36.1008488,656.4
	-115.1807885,36.1007898,656.3
	-115.1807890,36.1007323,656.2
	-115.1807886,36.1006743,656.2
	-115.1807870,36.1006166,656.3
	-115.1807846,36.1005593,656.3
	-115.1807820,36.1005023,656.3
	-115.1807796,36.1004458,656.3
	-115.1807776,36.1003901,656.3
	-115.1807753,36.1003345,656.3
	-115.1807786,36.1002753,656.3
	-115.1807871,36.1002215,656.3
	-115.1807921,36.1001685,656.0
	-115.1807931,36.1001108,656.2
	-115.1807971,36.1000533,656.0
	-115.1808011,36.0999990,656.1
	-115.1808031,36.0999431,655.8
	-115.1808046,36.0998881,656.0
	-115.1808078,36.0998315,656.1
	-115.1808090,36.0997768,656.1
	-115.1808088,36.0997243,656.3
	-115.1808091,36.0996718,656.3
	-115.1808095,36.0996180,656.3
	-115.1808103,36.0995646,656.3
	-115.1808113,36.0995110,656.3
	-115.1808125,36.0994578,656.4
	-115.1808136,36.0994048,656.5
	-115.1808151,36.0993525,656.6
	-115.1808153,36.0992991,656.6
	-115.1808145,36.0992466,656.8
	-115.1808173,36.0991941,656.8
	-115.1808171,36.0991416,656.8
	-115.1808170,36.0990886,656.8
	-115.1808176,36.0990355,656.9
	-115.1808178,36.0989833,657.0
	-115.1808180,36.0989301,657.0
	-115.1808195,36.0988773,657.1
	-115.1808198,36.0988245,657.2
	-115.1808191,36.0987723,657.4
	-115.1808205,36.0987196,657.5
	-115.1808200,36.0986675,657.7
	-115.1808186,36.0986151,657.7
	-115.1808183,36.0985616,657.6
	-115.1808165,36.0985088,657.6
	-115.1808148,36.0984570,657.6
	-115.1808143,36.0984045,657.6
	-115.1808138,36.0983525,657.5
	-115.1808120,36.0982998,657.6
	-115.1808125,36.0982466,657.6
	-115.1808123,36.0981951,657.6
	-115.1808120,36.0981433,657.5
	-115.1808116,36.0980905,657.4
	-115.1808103,36.0980391,657.3
	-115.1808103,36.0979860,657.5
	-115.1808101,36.0979338,657.7
	-115.1808110,36.0978810,657.8
	-115.1808121,36.0978275,657.9
	-115.1808136,36.0977750,658.0
	-115.1808133,36.0977240,658.2
	-115.1808140,36.0976713,658.3
	-115.1808148,36.0976195,658.4
	-115.1808125,36.0975676,658.4
	-115.1808121,36.0975141,658.5
	-115.1808135,36.0974641,658.5
	-115.1808123,36.0974128,658.3
	-115.1808123,36.0973613,658.3
	-115.1808120,36.0973095,658.3
	-115.1808110,36.0972581,658.5
	-115.1808118,36.0972051,658.7
	-115.1808120,36.0971528,658.7
	-115.1808123,36.0971010,658.6
	-115.1808123,36.0970480,658.5
	-115.1808131,36.0969948,658.5
	-115.1808148,36.0969418,658.6
	-115.1808165,36.0968880,658.6
	-115.1808158,36.0968343,658.7
	-115.1808175,36.0967798,658.8
	-115.1808190,36.0967281,658.9
	-115.1808191,36.0966768,658.9
	-115.1808211,36.0966250,658.9
	-115.1808215,36.0965718,658.9
	-115.1808206,36.0965200,658.9
	-115.1808213,36.0964678,658.9
	-115.1808218,36.0964155,658.9
	-115.1808206,36.0963645,659.0
	-115.1808196,36.0963123,659.0
	-115.1808195,36.0962596,659.1
	-115.1808180,36.0962081,659.2
	-115.1808183,36.0961558,659.2
	-115.1808185,36.0961038,659.2
	-115.1808191,36.0960518,659.1
	-115.1808198,36.0959983,659.2
	-115.1808193,36.0959461,659.2
	-115.1808203,36.0958938,659.3
	-115.1808213,36.0958415,659.4
	-115.1808220,36.0957895,659.5
	-115.1808231,36.0957361,659.6
	-115.1808238,36.0956838,659.7
	-115.1808241,36.0956331,659.8
	-115.1808238,36.0955813,659.9
	-115.1808240,36.0955291,659.9
	-115.1808228,36.0954775,659.9
	-115.1808240,36.0954246,659.9
	-115.1808246,36.0953718,659.9
	-115.1808240,36.0953198,659.8
	-115.1808240,36.0952666,659.8
	-115.1808240,36.0952138,660.0
	-115.1808228,36.0951613,660.1
	-115.1808240,36.0951101,660.0
	-115.1808258,36.0950576,659.9
	-115.1808250,36.0950056,660.0
	-115.1808266,36.0949540,660.0
	-115.1808268,36.0949016,660.0
	-115.1808268,36.0948490,660.1
	-115.1808276,36.0947953,660.2
	-115.1808275,36.0947416,660.3
	-115.1808281,36.0946881,660.4
	-115.1808295,36.0946353,660.5
	-115.1808308,36.0945825,660.5
	-115.1808313,36.0945291,660.5
	-115.1808316,36.0944760,660.6
	-115.1808315,36.0944223,660.7
	-115.1808315,36.0943705,660.7
	-115.1808308,36.0943163,660.8
	-115.1808313,36.0942646,661.0
	-115.1808313,36.0942126,661.1
	-115.1808328,36.0941606,661.2
	-115.1808325,36.0941083,661.3
	-115.1808316,36.0940558,661.3
	-115.1808318,36.0940040,661.4
	-115.1808321,36.0939515,661.4
	-115.1808335,36.0938995,661.4
	-115.1808348,36.0938468,661.4
	-115.1808361,36.0937936,661.3
	-115.1808371,36.0937406,661.3
	-115.1808378,36.0936876,661.5
	-115.1808376,36.0936351,661.7
	-115.1808373,36.0935820,661.7
	-115.1808376,36.0935290,661.8
	-115.1808371,36.0934751,661.9
