	-85.6393935,42.2268681,278.1
	-85.6393643,42.2270138,277.8
	-85.6393320,42.2271726,277.6
	-85.6392991,42.2273278,277.2
	-85.6392693,42.2274663,277.1
	-85.6392426,42.2276028,276.7
	-85.6392090,42.2277423,276.5
	-85.6391725,42.2278998,276.3
	-85.6391348,42.2280733,276.1
	-85.6390903,42.2282573,275.8
	-85.6390496,42.2284528,275.7
	-85.6390060,42.2286531,275.5
	-85.6389610,42.2288533,275.5
	-85.6389126,42.2290583,275.4
	-85.6388678,42.2292621,275.0
	-85.6388220,42.2294683,274.8
	-85.6387743,42.2296800,274.6
	-85.6387295,42.2298910,274.5
	-85.6386823,42.2301025,274.3
	-85.6386366,42.2303153,274.0
	-85.6385918,42.2305283,273.6
	-85.6385436,42.2307446,273.2
	-85.6384878,42.2309706,273.0
	-85.6384415,42.2311953,273.0
	-85.6383921,42.2314191,273.1
	-85.6383421,42.2316441,273.1
	-85.6382905,42.2318698,273.2
	-85.6382430,42.2320960,273.3
	-85.6381816,42.2323238,273.5
	-85.6381153,42.2325586,273.7
	-85.6380500,42.2327951,273.9
	-85.6379876,42.2330386,273.9
	-85.6379313,42.2332813,274.0
	-85.6378740,42.2335306,274.3
	-85.6378186,42.2337810,274.5
	-85.6377570,42.2340313,274.8
	-85.6377025,42.2342876,275.4
	-85.6376461,42.2345490,275.7
	-85.6375996,42.2348140,276.1
	-85.6375471,42.2350816,276.3
	-85.6375021,42.2353495,276.2
	-85.6374645,42.2356180,276.3
	-85.6374335,42.2358978,276.3
	-85.6374021,42.2361710,276.3
	-85.6373853,42.2364418,276.4
	-85.6373725,42.2367103,276.3
	-85.6373675,42.2369778,276.4
	-85.6373690,42.2372485,276.4
	-85.6373785,42.2375230,276.3
	-85.6373958,42.2377975,276.2
	-85.6374041,42.2380585,276.6
	-85.6374208,42.2383266,276.9
	-85.6374670,42.2386198,277.1
	-85.6375140,42.2389006,276.6
	-85.6375598,42.2391836,276.5
	-85.6376046,42.2394716,276.5
	-85.6376588,42.2397508,276.6
	-85.6377208,42.2400193,276.7
	-85.6377946,42.2402905,276.9
	-85.6378773,42.2405528,277.1
	-85.6379610,42.2408055,277.3
	-85.6380473,42.2410463,277.7
	-85.6381373,42.2412813,278.0
	-85.6382338,42.2415145,278.3
	-85.6383368,42.2417458,278.9
	-85.6384411,42.2419760,279.3
	-85.6385535,42.2422131,279.6
	-85.6386673,42.2424510,280.0
	-85.6387813,42.2426953,280.2
	-85.6388921,42.2429418,280.7
	-85.6390053,42.2431935,281.1
	-85.6391281,42.2434561,281.8
	-85.6392541,42.2437300,282.6
	-85.6393811,42.2440103,283.2
	-85.6395101,42.2442935,283.8
